5.0000000e+00 1.9996053e-20
5.0115300e+00 1.9460923e-20
5.0230867e+00 1.8940976e-20
5.0346699e+00 1.8435754e-20
5.0462799e+00 1.7944812e-20
5.0579167e+00 1.7467720e-20
5.0695803e+00 1.7004062e-20
5.0812708e+00 1.6553435e-20
5.0929882e+00 1.6115451e-20
5.1047327e+00 1.5689732e-20
5.1165042e+00 1.5275913e-20
5.1283029e+00 1.4873640e-20
5.1401288e+00 1.4482572e-20
5.1519820e+00 1.4102377e-20
5.1638625e+00 1.3732734e-20
5.1757704e+00 1.3373333e-20
5.1877058e+00 1.3023873e-20
5.1996687e+00 1.2684062e-20
5.2116592e+00 1.2353618e-20
5.2236773e+00 1.2032268e-20
5.2357231e+00 1.1719746e-20
5.2477968e+00 1.1415797e-20
5.2598982e+00 1.1120170e-20
5.2720276e+00 1.0832625e-20
5.2841849e+00 1.0552929e-20
5.2963703e+00 1.0280855e-20
5.3085838e+00 1.0016184e-20
5.3208254e+00 9.7587021e-21
5.3330953e+00 9.5082040e-21
5.3453934e+00 9.2644897e-21
5.3577199e+00 9.0273651e-21
5.3700749e+00 8.7966425e-21
5.3824583e+00 8.5721395e-21
5.3948703e+00 8.3536794e-21
5.4073109e+00 8.1410908e-21
5.4197802e+00 7.9342075e-21
5.4322783e+00 7.7328681e-21
5.4448051e+00 7.5369164e-21
5.4573609e+00 7.3462006e-21
5.4699456e+00 7.1605735e-21
5.4825594e+00 6.9798922e-21
5.4952022e+00 6.8040183e-21
5.5078742e+00 6.6328173e-21
5.5205754e+00 6.4661587e-21
5.5333058e+00 6.3039160e-21
5.5460657e+00 6.1459662e-21
5.5588550e+00 5.9921901e-21
5.5716737e+00 5.8424720e-21
5.5845220e+00 5.6966996e-21
5.5974000e+00 5.5547638e-21
5.6103076e+00 5.4165586e-21
5.6232451e+00 5.2819814e-21
5.6362123e+00 5.1509324e-21
5.6492094e+00 5.0233147e-21
5.6622366e+00 4.8990341e-21
5.6752937e+00 4.7779995e-21
5.6883810e+00 4.6601220e-21
5.7014985e+00 4.5453155e-21
5.7146461e+00 4.4334963e-21
5.7278242e+00 4.3245832e-21
5.7410326e+00 4.2184974e-21
5.7542714e+00 4.1151620e-21
5.7675408e+00 4.0145026e-21
5.7808408e+00 3.9164470e-21
5.7941715e+00 3.8209247e-21
5.8075329e+00 3.7278676e-21
5.8209251e+00 3.6372093e-21
5.8343482e+00 3.5488853e-21
5.8478023e+00 3.4628331e-21
5.8612873e+00 3.3789916e-21
5.8748035e+00 3.2973019e-21
5.8883508e+00 3.2177065e-21
5.9019294e+00 3.1401494e-21
5.9155393e+00 3.0645764e-21
5.9291806e+00 2.9909347e-21
5.9428533e+00 2.9191731e-21
5.9565576e+00 2.8492417e-21
5.9702935e+00 2.7810919e-21
5.9840610e+00 2.7146769e-21
5.9978603e+00 2.6499506e-21
6.0116914e+00 2.5868686e-21
6.0255544e+00 2.5253877e-21
6.0394494e+00 2.4654657e-21
6.0533764e+00 2.4070617e-21
6.0673355e+00 2.3501358e-21
6.0813269e+00 2.2946495e-21
6.0953505e+00 2.2405651e-21
6.1094064e+00 2.1878460e-21
6.1234947e+00 2.1364566e-21
6.1376155e+00 2.0863623e-21
6.1517689e+00 2.0375294e-21
6.1659550e+00 1.9899252e-21
6.1801737e+00 1.9435179e-21
6.1944252e+00 1.8982764e-21
6.2087096e+00 1.8541706e-21
6.2230269e+00 1.8111713e-21
6.2373773e+00 1.7692499e-21
6.2517607e+00 1.7283786e-21
6.2661773e+00 1.6885304e-21
6.2806272e+00 1.6496792e-21
6.2951104e+00 1.6117993e-21
6.3096269e+00 1.5748658e-21
6.3241770e+00 1.5388547e-21
6.3387606e+00 1.5037423e-21
6.3533778e+00 1.4695057e-21
6.3680288e+00 1.4361227e-21
6.3827135e+00 1.4035715e-21
6.3974321e+00 1.3718310e-21
6.4121846e+00 1.3408807e-21
6.4269711e+00 1.3107005e-21
6.4417918e+00 1.2812711e-21
6.4566466e+00 1.2525734e-21
6.4715357e+00 1.2245890e-21
6.4864591e+00 1.1972999e-21
6.5014169e+00 1.1706887e-21
6.5164092e+00 1.1447383e-21
6.5314361e+00 1.1194321e-21
6.5464977e+00 1.0947541e-21
6.5615939e+00 1.0706886e-21
6.5767250e+00 1.0472201e-21
6.5918910e+00 1.0243339e-21
6.6070920e+00 1.0020154e-21
6.6223280e+00 9.8025060e-22
6.6375991e+00 9.5902562e-22
6.6529055e+00 9.3832711e-22
6.6682471e+00 9.1814204e-22
6.6836241e+00 8.9845771e-22
6.6990366e+00 8.7926173e-22
6.7144846e+00 8.6054207e-22
6.7299683e+00 8.4228698e-22
6.7454877e+00 8.2448504e-22
6.7610428e+00 8.0712509e-22
6.7766338e+00 7.9019630e-22
6.7922608e+00 7.7368809e-22
6.8079238e+00 7.5759017e-22
6.8236229e+00 7.4189249e-22
6.8393582e+00 7.2658528e-22
6.8551299e+00 7.1165903e-22
6.8709378e+00 6.9710443e-22
6.8867823e+00 6.8291245e-22
6.9026632e+00 6.6907427e-22
6.9185808e+00 6.5558130e-22
6.9345351e+00 6.4242516e-22
6.9505262e+00 6.2959769e-22
6.9665542e+00 6.1709093e-22
6.9826191e+00 6.0489714e-22
6.9987211e+00 5.9300874e-22
7.0148602e+00 5.8141837e-22
7.0310365e+00 5.7011885e-22
7.0472502e+00 5.5910316e-22
7.0635012e+00 5.4836447e-22
7.0797897e+00 5.3789613e-22
7.0961157e+00 5.2769164e-22
7.1124794e+00 5.1774467e-22
7.1288808e+00 5.0804903e-22
7.1453201e+00 4.9859871e-22
7.1617972e+00 4.8938782e-22
7.1783124e+00 4.8041063e-22
7.1948656e+00 4.7166157e-22
7.2114571e+00 4.6313516e-22
7.2280867e+00 4.5482609e-22
7.2447548e+00 4.4672918e-22
7.2614612e+00 4.3883935e-22
7.2782062e+00 4.3115168e-22
7.2949898e+00 4.2366133e-22
7.3118121e+00 4.1636362e-22
7.3286732e+00 4.0925394e-22
7.3455732e+00 4.0232782e-22
7.3625121e+00 3.9558090e-22
7.3794901e+00 3.8900892e-22
7.3965073e+00 3.8260771e-22
7.4135637e+00 3.7637322e-22
7.4306594e+00 3.7030149e-22
7.4477946e+00 3.6438866e-22
7.4649693e+00 3.5863096e-22
7.4821835e+00 3.5302471e-22
7.4994375e+00 3.4756633e-22
7.5167313e+00 3.4225232e-22
7.5340649e+00 3.3707927e-22
7.5514385e+00 3.3204384e-22
7.5688522e+00 3.2714280e-22
7.5863060e+00 3.2237298e-22
7.6038001e+00 3.1773129e-22
7.6213345e+00 3.1321473e-22
7.6389094e+00 3.0882038e-22
7.6565248e+00 3.0454536e-22
7.6741808e+00 3.0038691e-22
7.6918775e+00 2.9634232e-22
7.7096150e+00 2.9240895e-22
7.7273934e+00 2.8858424e-22
7.7452129e+00 2.8486569e-22
7.7630734e+00 2.8125087e-22
7.7809751e+00 2.7773743e-22
7.7989181e+00 2.7432308e-22
7.8169025e+00 2.7100559e-22
7.8349283e+00 2.6778281e-22
7.8529957e+00 2.6465265e-22
7.8711048e+00 2.6161308e-22
7.8892556e+00 2.5866213e-22
7.9074483e+00 2.5579792e-22
7.9256829e+00 2.5301860e-22
7.9439596e+00 2.5032242e-22
7.9622784e+00 2.4770767e-22
7.9806395e+00 2.4517271e-22
7.9990429e+00 2.4271597e-22
8.0174888e+00 2.4033594e-22
8.0359772e+00 2.3803117e-22
8.0545082e+00 2.3580029e-22
8.0730819e+00 2.3364198e-22
8.0916985e+00 2.3155501e-22
8.1103581e+00 2.2953819e-22
8.1290606e+00 2.2759041e-22
8.1478063e+00 2.2571064e-22
8.1665952e+00 2.2389792e-22
8.1854274e+00 2.2215135e-22
8.2043031e+00 2.2047010e-22
8.2232223e+00 2.1885344e-22
8.2421851e+00 2.1730071e-22
8.2611916e+00 2.1581132e-22
8.2802420e+00 2.1438478e-22
8.2993363e+00 2.1302066e-22
8.3184746e+00 2.1171865e-22
8.3376571e+00 2.1047852e-22
8.3568838e+00 2.0930014e-22
8.3761548e+00 2.0818348e-22
8.3954703e+00 2.0712861e-22
8.4148303e+00 2.0613573e-22
8.4342350e+00 2.0520514e-22
8.4536844e+00 2.0433729e-22
8.4731786e+00 2.0353274e-22
8.4927179e+00 2.0279220e-22
8.5123021e+00 2.0211653e-22
8.5319316e+00 2.0150676e-22
8.5516063e+00 2.0096408e-22
8.5713263e+00 2.0048988e-22
8.5910919e+00 2.0008574e-22
8.6109030e+00 1.9975346e-22
8.6307598e+00 1.9949509e-22
8.6506624e+00 1.9931290e-22
8.6706109e+00 1.9920948e-22
8.6906054e+00 1.9918771e-22
8.7106460e+00 1.9925079e-22
8.7307328e+00 1.9940230e-22
8.7508660e+00 1.9964622e-22
8.7710455e+00 1.9998699e-22
8.7912716e+00 2.0042953e-22
8.8115444e+00 2.0097931e-22
8.8318638e+00 2.0164242e-22
8.8522302e+00 2.0242563e-22
8.8726435e+00 2.0333649e-22
8.8931039e+00 2.0438340e-22
8.9136114e+00 2.0557573e-22
8.9341663e+00 2.0692398e-22
8.9547686e+00 2.0843987e-22
8.9754183e+00 2.1013658e-22
8.9961157e+00 2.1202891e-22
9.0168608e+00 2.1413353e-22
9.0376538e+00 2.1646932e-22
9.0584947e+00 2.1905763e-22
9.0793836e+00 2.2192277e-22
9.1003208e+00 2.2509248e-22
9.1213062e+00 2.2859851e-22
9.1423400e+00 2.3247742e-22
9.1634223e+00 2.3677144e-22
9.1845532e+00 2.4152960e-22
9.2057328e+00 2.4680917e-22
9.2269613e+00 2.5267738e-22
9.2482388e+00 2.5921373e-22
9.2695653e+00 2.6651282e-22
9.2909410e+00 2.7468813e-22
9.3123660e+00 2.8387692e-22
9.3338403e+00 2.9424680e-22
9.3553642e+00 3.0600458e-22
9.3769378e+00 3.1940836e-22
9.3985611e+00 3.3478449e-22
9.4202342e+00 3.5255170e-22
9.4419574e+00 3.7325623e-22
9.4637306e+00 3.9762436e-22
9.4855540e+00 4.2664323e-22
9.5074278e+00 4.6168947e-22
9.5293520e+00 5.0474243e-22
9.5513267e+00 5.5875454e-22
9.5733522e+00 6.2833326e-22
9.5954284e+00 7.2108986e-22
9.6175555e+00 8.5056448e-22
9.6397337e+00 1.0433956e-21
9.6619630e+00 1.3602127e-21
9.6842435e+00 1.9752516e-21
9.7065755e+00 3.6769584e-21
9.7289589e+00 3.0667999e-20
9.7513940e+00 4.7292922e-21
9.7738808e+00 2.1747933e-21
9.7964194e+00 1.4043353e-21
9.8190100e+00 1.0332520e-21
9.8416527e+00 8.1527546e-22
9.8643477e+00 6.7208602e-22
9.8870949e+00 5.7099550e-22
9.9098946e+00 4.9593924e-22
9.9327469e+00 4.3810049e-22
9.9556519e+00 3.9223703e-22
9.9786097e+00 3.5503622e-22
1.0001620e+01 3.2430194e-22
1.0024684e+01 2.9852085e-22
1.0047801e+01 2.7661599e-22
1.0070972e+01 2.5779993e-22
1.0094195e+01 2.4148367e-22
1.0117473e+01 2.2721785e-22
1.0140804e+01 2.1465367e-22
1.0164188e+01 2.0351625e-22
1.0187627e+01 1.9358605e-22
1.0211120e+01 1.8468565e-22
1.0234667e+01 1.7667008e-22
1.0258268e+01 1.6941978e-22
1.0281924e+01 1.6283525e-22
1.0305634e+01 1.5683308e-22
1.0329399e+01 1.5134278e-22
1.0353218e+01 1.4630443e-22
1.0377093e+01 1.4166677e-22
1.0401023e+01 1.3738573e-22
1.0425007e+01 1.3342317e-22
1.0449048e+01 1.2974600e-22
1.0473143e+01 1.2632534e-22
1.0497294e+01 1.2313587e-22
1.0521501e+01 1.2015536e-22
1.0545764e+01 1.1736418e-22
1.0570082e+01 1.1474496e-22
1.0594457e+01 1.1228227e-22
1.0618888e+01 1.0996237e-22
1.0643375e+01 1.0777300e-22
1.0667919e+01 1.0570317e-22
1.0692519e+01 1.0374304e-22
1.0717176e+01 1.0188374e-22
1.0741890e+01 1.0011730e-22
1.0766661e+01 9.8436487e-23
1.0791489e+01 9.6834791e-23
1.0816374e+01 9.5306293e-23
1.0841317e+01 9.3845622e-23
1.0866317e+01 9.2447893e-23
1.0891375e+01 9.1108654e-23
1.0916491e+01 8.9823844e-23
1.0941664e+01 8.8589751e-23
1.0966896e+01 8.7402981e-23
1.0992185e+01 8.6260420e-23
1.1017533e+01 8.5159213e-23
1.1042940e+01 8.4096737e-23
1.1068405e+01 8.3070580e-23
1.1093929e+01 8.2078518e-23
1.1119512e+01 8.1118503e-23
1.1145153e+01 8.0188644e-23
1.1170854e+01 7.9287193e-23
1.1196614e+01 7.8412534e-23
1.1222434e+01 7.7563171e-23
1.1248313e+01 7.6737716e-23
1.1274251e+01 7.5934882e-23
1.1300250e+01 7.5153474e-23
1.1326308e+01 7.4392380e-23
1.1352427e+01 7.3650567e-23
1.1378606e+01 7.2927072e-23
1.1404845e+01 7.2220997e-23
1.1431144e+01 7.1531506e-23
1.1457505e+01 7.0857816e-23
1.1483926e+01 7.0199197e-23
1.1510408e+01 6.9554966e-23
1.1536951e+01 6.8924483e-23
1.1563555e+01 6.8307148e-23
1.1590221e+01 6.7702401e-23
1.1616948e+01 6.7109713e-23
1.1643737e+01 6.6528589e-23
1.1670587e+01 6.5958564e-23
1.1697500e+01 6.5399200e-23
1.1724474e+01 6.4850084e-23
1.1751511e+01 6.4310830e-23
1.1778610e+01 6.3781070e-23
1.1805772e+01 6.3260459e-23
1.1832996e+01 6.2748671e-23
1.1860283e+01 6.2245397e-23
1.1887633e+01 6.1750347e-23
1.1915046e+01 6.1263244e-23
1.1942522e+01 6.0783826e-23
1.1970061e+01 6.0311846e-23
1.1997664e+01 5.9847070e-23
1.2025331e+01 5.9389273e-23
1.2053062e+01 5.8938244e-23
1.2080856e+01 5.8493781e-23
1.2108715e+01 5.8055693e-23
1.2136637e+01 5.7623797e-23
1.2164625e+01 5.7197919e-23
1.2192676e+01 5.6777893e-23
1.2220793e+01 5.6363560e-23
1.2248974e+01 5.5954770e-23
1.2277220e+01 5.5551378e-23
1.2305532e+01 5.5153246e-23
1.2333908e+01 5.4760242e-23
1.2362350e+01 5.4372238e-23
1.2390858e+01 5.3989114e-23
1.2419431e+01 5.3610754e-23
1.2448071e+01 5.3237044e-23
1.2476776e+01 5.2867879e-23
1.2505548e+01 5.2503155e-23
1.2534386e+01 5.2142773e-23
1.2563290e+01 5.1786637e-23
1.2592261e+01 5.1434656e-23
1.2621299e+01 5.1086741e-23
1.2650404e+01 5.0742806e-23
1.2679576e+01 5.0402771e-23
1.2708815e+01 5.0066554e-23
1.2738121e+01 4.9734080e-23
1.2767496e+01 4.9405274e-23
1.2796938e+01 4.9080065e-23
1.2826447e+01 4.8758382e-23
1.2856025e+01 4.8440160e-23
1.2885671e+01 4.8125333e-23
1.2915386e+01 4.7813837e-23
1.2945169e+01 4.7505613e-23
1.2975020e+01 4.7200600e-23
1.3004941e+01 4.6898742e-23
1.3034930e+01 4.6599982e-23
1.3064989e+01 4.6304266e-23
1.3095117e+01 4.6011542e-23
1.3125314e+01 4.5721758e-23
1.3155582e+01 4.5434864e-23
1.3185918e+01 4.5150813e-23
1.3216325e+01 4.4869557e-23
1.3246802e+01 4.4591049e-23
1.3277349e+01 4.4315246e-23
1.3307967e+01 4.4042103e-23
1.3338655e+01 4.3771579e-23
1.3369414e+01 4.3503632e-23
1.3400244e+01 4.3238221e-23
1.3431145e+01 4.2975307e-23
1.3462118e+01 4.2714851e-23
1.3493162e+01 4.2456817e-23
1.3524277e+01 4.2201167e-23
1.3555464e+01 4.1947866e-23
1.3586723e+01 4.1696878e-23
1.3618054e+01 4.1448169e-23
1.3649457e+01 4.1201706e-23
1.3680933e+01 4.0957457e-23
1.3712481e+01 4.0715389e-23
1.3744103e+01 4.0475471e-23
1.3775797e+01 4.0237673e-23
1.3807564e+01 4.0001964e-23
1.3839404e+01 3.9768315e-23
1.3871318e+01 3.9536698e-23
1.3903305e+01 3.9307084e-23
1.3935366e+01 3.9079446e-23
1.3967501e+01 3.8853758e-23
1.3999710e+01 3.8629992e-23
1.4031994e+01 3.8408123e-23
1.4064352e+01 3.8188125e-23
1.4096784e+01 3.7969974e-23
1.4129292e+01 3.7753646e-23
1.4161874e+01 3.7539116e-23
1.4194531e+01 3.7326361e-23
1.4227264e+01 3.7115358e-23
1.4260072e+01 3.6906084e-23
1.4292956e+01 3.6698518e-23
1.4325916e+01 3.6492639e-23
1.4358951e+01 3.6288423e-23
1.4392063e+01 3.6085852e-23
1.4425251e+01 3.5884904e-23
1.4458516e+01 3.5685559e-23
1.4491858e+01 3.5487797e-23
1.4525276e+01 3.5291600e-23
1.4558771e+01 3.5096948e-23
1.4592344e+01 3.4903823e-23
1.4625994e+01 3.4712206e-23
1.4659722e+01 3.4522079e-23
1.4693527e+01 3.4333424e-23
1.4727410e+01 3.4146225e-23
1.4761372e+01 3.3960464e-23
1.4795412e+01 3.3776124e-23
1.4829530e+01 3.3593189e-23
1.4863727e+01 3.3411643e-23
1.4898003e+01 3.3231470e-23
1.4932358e+01 3.3052653e-23
1.4966792e+01 3.2875179e-23
1.5001306e+01 3.2699032e-23
1.5035899e+01 3.2524196e-23
1.5070572e+01 3.2350658e-23
1.5105324e+01 3.2178403e-23
1.5140157e+01 3.2007416e-23
1.5175071e+01 3.1837685e-23
1.5210065e+01 3.1669195e-23
1.5245139e+01 3.1501933e-23
1.5280295e+01 3.1335886e-23
1.5315531e+01 3.1171040e-23
1.5350849e+01 3.1007383e-23
1.5386248e+01 3.0844903e-23
1.5421729e+01 3.0683587e-23
1.5457291e+01 3.0523423e-23
1.5492936e+01 3.0364398e-23
1.5528663e+01 3.0206502e-23
1.5564472e+01 3.0049722e-23
1.5600364e+01 2.9894048e-23
1.5636338e+01 2.9739467e-23
1.5672396e+01 2.9585969e-23
1.5708537e+01 2.9433542e-23
1.5744761e+01 2.9282177e-23
1.5781068e+01 2.9131863e-23
1.5817459e+01 2.8982589e-23
1.5853935e+01 2.8834344e-23
1.5890494e+01 2.8687120e-23
1.5927137e+01 2.8540905e-23
1.5963866e+01 2.8395691e-23
1.6000678e+01 2.8251467e-23
1.6037576e+01 2.8108224e-23
1.6074559e+01 2.7965952e-23
1.6111627e+01 2.7824643e-23
1.6148780e+01 2.7684287e-23
1.6186020e+01 2.7544875e-23
1.6223345e+01 2.7406399e-23
1.6260756e+01 2.7268850e-23
1.6298253e+01 2.7132219e-23
1.6335837e+01 2.6996498e-23
1.6373508e+01 2.6861677e-23
1.6411265e+01 2.6727751e-23
1.6449110e+01 2.6594709e-23
1.6487041e+01 2.6462544e-23
1.6525061e+01 2.6331248e-23
1.6563168e+01 2.6200814e-23
1.6601362e+01 2.6071234e-23
1.6639645e+01 2.5942499e-23
1.6678016e+01 2.5814604e-23
1.6716476e+01 2.5687539e-23
1.6755024e+01 2.5561299e-23
1.6793662e+01 2.5435876e-23
1.6832388e+01 2.5311262e-23
1.6871203e+01 2.5187452e-23
1.6910109e+01 2.5064437e-23
1.6949103e+01 2.4942211e-23
1.6988188e+01 2.4820768e-23
1.7027363e+01 2.4700101e-23
1.7066628e+01 2.4580203e-23
1.7105984e+01 2.4461068e-23
1.7145431e+01 2.4342689e-23
1.7184968e+01 2.4225061e-23
1.7224597e+01 2.4108176e-23
1.7264317e+01 2.3992029e-23
1.7304128e+01 2.3876614e-23
1.7344032e+01 2.3761925e-23
1.7384027e+01 2.3647956e-23
1.7424115e+01 2.3534701e-23
1.7464295e+01 2.3422154e-23
1.7504568e+01 2.3310309e-23
1.7544934e+01 2.3199162e-23
1.7585392e+01 2.3088706e-23
1.7625945e+01 2.2978936e-23
1.7666590e+01 2.2869846e-23
1.7707329e+01 2.2761432e-23
1.7748163e+01 2.2653687e-23
1.7789090e+01 2.2546607e-23
1.7830112e+01 2.2440187e-23
1.7871228e+01 2.2334420e-23
1.7912439e+01 2.2229303e-23
1.7953746e+01 2.2124830e-23
1.7995147e+01 2.2020997e-23
1.8036644e+01 2.1917798e-23
1.8078237e+01 2.1815228e-23
1.8119925e+01 2.1713283e-23
1.8161710e+01 2.1611959e-23
1.8203591e+01 2.1511249e-23
1.8245569e+01 2.1411151e-23
1.8287643e+01 2.1311659e-23
1.8329814e+01 2.1212768e-23
1.8372083e+01 2.1114475e-23
1.8414449e+01 2.1016775e-23
1.8456913e+01 2.0919663e-23
1.8499475e+01 2.0823135e-23
1.8542135e+01 2.0727187e-23
1.8584893e+01 2.0631814e-23
1.8627750e+01 2.0537013e-23
1.8670706e+01 2.0442780e-23
1.8713761e+01 2.0349109e-23
1.8756915e+01 2.0255998e-23
1.8800168e+01 2.0163442e-23
1.8843522e+01 2.0071437e-23
1.8886975e+01 1.9979979e-23
1.8930528e+01 1.9889064e-23
1.8974182e+01 1.9798689e-23
1.9017937e+01 1.9708849e-23
1.9061792e+01 1.9619542e-23
1.9105749e+01 1.9530762e-23
1.9149807e+01 1.9442507e-23
1.9193967e+01 1.9354773e-23
1.9238228e+01 1.9267556e-23
1.9282592e+01 1.9180852e-23
1.9327057e+01 1.9094658e-23
1.9371626e+01 1.9008971e-23
1.9416297e+01 1.8923787e-23
1.9461071e+01 1.8839102e-23
1.9505948e+01 1.8754914e-23
1.9550929e+01 1.8671218e-23
1.9596014e+01 1.8588012e-23
1.9641202e+01 1.8505291e-23
1.9686495e+01 1.8423054e-23
1.9731892e+01 1.8341295e-23
1.9777394e+01 1.8260014e-23
1.9823001e+01 1.8179205e-23
1.9868713e+01 1.8098866e-23
1.9914530e+01 1.8018994e-23
1.9960454e+01 1.7939585e-23
2.0006482e+01 1.7860637e-23
2.0052618e+01 1.7782147e-23
2.0098859e+01 1.7704111e-23
2.0145207e+01 1.7626527e-23
2.0191662e+01 1.7549391e-23
2.0238224e+01 1.7472701e-23
2.0284894e+01 1.7396453e-23
2.0331671e+01 1.7320645e-23
2.0378556e+01 1.7245274e-23
2.0425549e+01 1.7170337e-23
2.0472650e+01 1.7095832e-23
2.0519861e+01 1.7021755e-23
2.0567180e+01 1.6948103e-23
2.0614608e+01 1.6874875e-23
2.0662145e+01 1.6802066e-23
2.0709792e+01 1.6729676e-23
2.0757549e+01 1.6657700e-23
2.0805416e+01 1.6586136e-23
2.0853394e+01 1.6514982e-23
2.0901482e+01 1.6444235e-23
2.0949681e+01 1.6373892e-23
2.0997991e+01 1.6303952e-23
2.1046412e+01 1.6234410e-23
2.1094945e+01 1.6165266e-23
2.1143591e+01 1.6096515e-23
2.1192348e+01 1.6028157e-23
2.1241218e+01 1.5960188e-23
2.1290200e+01 1.5892606e-23
2.1339295e+01 1.5825408e-23
2.1388504e+01 1.5758593e-23
2.1437826e+01 1.5692157e-23
2.1487262e+01 1.5626099e-23
2.1536812e+01 1.5560415e-23
2.1586476e+01 1.5495105e-23
2.1636254e+01 1.5430165e-23
2.1686148e+01 1.5365593e-23
2.1736156e+01 1.5301388e-23
2.1786280e+01 1.5237545e-23
2.1836519e+01 1.5174065e-23
2.1886874e+01 1.5110944e-23
2.1937346e+01 1.5048179e-23
2.1987933e+01 1.4985770e-23
2.2038638e+01 1.4923713e-23
2.2089459e+01 1.4862007e-23
2.2140397e+01 1.4800650e-23
2.2191453e+01 1.4739638e-23
2.2242627e+01 1.4678972e-23
2.2293919e+01 1.4618647e-23
2.2345328e+01 1.4558663e-23
2.2396857e+01 1.4499016e-23
2.2448504e+01 1.4439706e-23
2.2500271e+01 1.4380730e-23
2.2552157e+01 1.4322086e-23
2.2604162e+01 1.4263772e-23
2.2656287e+01 1.4205786e-23
2.2708533e+01 1.4148127e-23
2.2760899e+01 1.4090791e-23
2.2813386e+01 1.4033778e-23
2.2865994e+01 1.3977086e-23
2.2918723e+01 1.3920712e-23
2.2971574e+01 1.3864655e-23
2.3024546e+01 1.3808912e-23
2.3077641e+01 1.3753483e-23
2.3130858e+01 1.3698365e-23
2.3184198e+01 1.3643556e-23
2.3237661e+01 1.3589054e-23
2.3291247e+01 1.3534858e-23
2.3344957e+01 1.3480966e-23
2.3398791e+01 1.3427377e-23
2.3452748e+01 1.3374087e-23
2.3506831e+01 1.3321097e-23
2.3561038e+01 1.3268403e-23
2.3615370e+01 1.3216004e-23
2.3669827e+01 1.3163899e-23
2.3724410e+01 1.3112086e-23
2.3779118e+01 1.3060563e-23
2.3833953e+01 1.3009328e-23
2.3888914e+01 1.2958380e-23
2.3944002e+01 1.2907717e-23
2.3999217e+01 1.2857337e-23
2.4054560e+01 1.2807240e-23
2.4110030e+01 1.2757422e-23
2.4165628e+01 1.2707884e-23
2.4221354e+01 1.2658622e-23
2.4277208e+01 1.2609636e-23
2.4333192e+01 1.2560923e-23
2.4389304e+01 1.2512483e-23
2.4445546e+01 1.2464314e-23
2.4501918e+01 1.2416414e-23
2.4558420e+01 1.2368782e-23
2.4615051e+01 1.2321416e-23
2.4671814e+01 1.2274315e-23
2.4728707e+01 1.2227476e-23
2.4785732e+01 1.2180900e-23
2.4842888e+01 1.2134584e-23
2.4900176e+01 1.2088526e-23
2.4957596e+01 1.2042726e-23
2.5015148e+01 1.1997181e-23
2.5072833e+01 1.1951891e-23
2.5130652e+01 1.1906854e-23
2.5188603e+01 1.1862069e-23
2.5246688e+01 1.1817534e-23
2.5304907e+01 1.1773247e-23
2.5363261e+01 1.1729208e-23
2.5421748e+01 1.1685414e-23
2.5480371e+01 1.1641866e-23
2.5539129e+01 1.1598560e-23
2.5598023e+01 1.1555497e-23
2.5657052e+01 1.1512673e-23
2.5716217e+01 1.1470089e-23
2.5775519e+01 1.1427743e-23
2.5834957e+01 1.1385634e-23
2.5894533e+01 1.1343759e-23
2.5954246e+01 1.1302119e-23
2.6014097e+01 1.1260711e-23
2.6074085e+01 1.1219534e-23
2.6134212e+01 1.1178587e-23
2.6194478e+01 1.1137869e-23
2.6254883e+01 1.1097379e-23
2.6315427e+01 1.1057115e-23
2.6376110e+01 1.1017076e-23
2.6436934e+01 1.0977260e-23
2.6497898e+01 1.0937667e-23
2.6559002e+01 1.0898295e-23
2.6620247e+01 1.0859143e-23
2.6681634e+01 1.0820210e-23
2.6743162e+01 1.0781495e-23
2.6804832e+01 1.0742996e-23
2.6866644e+01 1.0704712e-23
2.6928599e+01 1.0666642e-23
2.6990696e+01 1.0628786e-23
2.7052937e+01 1.0591140e-23
2.7115321e+01 1.0553706e-23
2.7177849e+01 1.0516480e-23
2.7240522e+01 1.0479463e-23
2.7303338e+01 1.0442653e-23
2.7366300e+01 1.0406049e-23
2.7429407e+01 1.0369650e-23
2.7492659e+01 1.0333454e-23
2.7556058e+01 1.0297461e-23
2.7619602e+01 1.0261670e-23
2.7683293e+01 1.0226079e-23
2.7747131e+01 1.0190687e-23
2.7811116e+01 1.0155493e-23
2.7875249e+01 1.0120496e-23
2.7939529e+01 1.0085695e-23
2.8003958e+01 1.0051089e-23
2.8068536e+01 1.0016677e-23
2.8133262e+01 9.9824581e-24
2.8198137e+01 9.9484307e-24
2.8263162e+01 9.9145939e-24
2.8328338e+01 9.8809468e-24
2.8393663e+01 9.8474883e-24
2.8459139e+01 9.8142174e-24
2.8524766e+01 9.7811330e-24
2.8590544e+01 9.7482342e-24
2.8656474e+01 9.7155199e-24
2.8722556e+01 9.6829892e-24
2.8788791e+01 9.6506409e-24
2.8855178e+01 9.6184742e-24
2.8921718e+01 9.5864880e-24
2.8988412e+01 9.5546813e-24
2.9055259e+01 9.5230532e-24
2.9122261e+01 9.4916027e-24
2.9189417e+01 9.4603288e-24
2.9256728e+01 9.4292305e-24
2.9324194e+01 9.3983070e-24
2.9391816e+01 9.3675572e-24
2.9459594e+01 9.3369801e-24
2.9527528e+01 9.3065750e-24
2.9595619e+01 9.2763407e-24
2.9663866e+01 9.2462764e-24
2.9732272e+01 9.2163812e-24
2.9800834e+01 9.1866540e-24
2.9869555e+01 9.1570941e-24
2.9938435e+01 9.1277005e-24
3.0007473e+01 9.0984723e-24
3.0076670e+01 9.0694085e-24
3.0146028e+01 9.0405083e-24
3.0215544e+01 9.0117708e-24
3.0285222e+01 8.9831951e-24
3.0355060e+01 8.9547804e-24
3.0425059e+01 8.9265256e-24
3.0495219e+01 8.8984300e-24
3.0565541e+01 8.8704927e-24
3.0636026e+01 8.8427128e-24
3.0706673e+01 8.8150895e-24
3.0777482e+01 8.7876218e-24
3.0848456e+01 8.7603091e-24
3.0919592e+01 8.7331503e-24
3.0990893e+01 8.7061446e-24
3.1062358e+01 8.6792913e-24
3.1133988e+01 8.6525895e-24
3.1205784e+01 8.6260383e-24
3.1277744e+01 8.5996369e-24
3.1349871e+01 8.5733845e-24
3.1422164e+01 8.5472803e-24
3.1494624e+01 8.5213235e-24
3.1567251e+01 8.4955132e-24
3.1640045e+01 8.4698486e-24
3.1713007e+01 8.4443291e-24
3.1786138e+01 8.4189536e-24
3.1859437e+01 8.3937216e-24
3.1932905e+01 8.3686320e-24
3.2006542e+01 8.3436843e-24
3.2080350e+01 8.3188776e-24
3.2154327e+01 8.2942111e-24
3.2228475e+01 8.2696840e-24
3.2302794e+01 8.2452956e-24
3.2377285e+01 8.2210452e-24
3.2451947e+01 8.1969318e-24
3.2526782e+01 8.1729549e-24
3.2601789e+01 8.1491136e-24
3.2676969e+01 8.1254072e-24
3.2752322e+01 8.1018349e-24
3.2827849e+01 8.0783961e-24
3.2903550e+01 8.0550898e-24
3.2979426e+01 8.0319156e-24
3.3055477e+01 8.0088724e-24
3.3131703e+01 7.9859598e-24
3.3208105e+01 7.9631769e-24
3.3284683e+01 7.9405230e-24
3.3361438e+01 7.9179974e-24
3.3438370e+01 7.8955994e-24
3.3515479e+01 7.8733282e-24
3.3592766e+01 7.8511832e-24
3.3670231e+01 7.8291637e-24
3.3747875e+01 7.8072689e-24
3.3825698e+01 7.7854982e-24
3.3903700e+01 7.7638509e-24
3.3981882e+01 7.7423263e-24
3.4060245e+01 7.7209236e-24
3.4138788e+01 7.6996423e-24
3.4217512e+01 7.6784815e-24
3.4296418e+01 7.6574408e-24
3.4375506e+01 7.6365193e-24
3.4454776e+01 7.6157164e-24
3.4534229e+01 7.5950315e-24
3.4613865e+01 7.5744639e-24
3.4693685e+01 7.5540129e-24
3.4773689e+01 7.5336778e-24
3.4853877e+01 7.5134581e-24
3.4934251e+01 7.4933530e-24
3.5014809e+01 7.4733619e-24
3.5095554e+01 7.4534842e-24
3.5176484e+01 7.4337193e-24
3.5257602e+01 7.4140664e-24
3.5338906e+01 7.3945250e-24
3.5420398e+01 7.3750944e-24
3.5502077e+01 7.3557740e-24
3.5583945e+01 7.3365632e-24
3.5666002e+01 7.3174613e-24
3.5748248e+01 7.2984677e-24
3.5830684e+01 7.2795819e-24
3.5913310e+01 7.2608032e-24
3.5996126e+01 7.2421310e-24
3.6079134e+01 7.2235646e-24
3.6162332e+01 7.2051036e-24
3.6245723e+01 7.1867472e-24
3.6329306e+01 7.1684949e-24
3.6413082e+01 7.1503460e-24
3.6497050e+01 7.1323001e-24
3.6581213e+01 7.1143565e-24
3.6665569e+01 7.0965146e-24
3.6750120e+01 7.0787738e-24
3.6834867e+01 7.0611336e-24
3.6919808e+01 7.0435933e-24
3.7004945e+01 7.0261525e-24
3.7090279e+01 7.0088104e-24
3.7175810e+01 6.9915667e-24
3.7261537e+01 6.9744206e-24
3.7347463e+01 6.9573716e-24
3.7433586e+01 6.9404192e-24
3.7519908e+01 6.9235629e-24
3.7606429e+01 6.9068019e-24
3.7693150e+01 6.8901359e-24
3.7780071e+01 6.8735642e-24
3.7867192e+01 6.8570863e-24
3.7954514e+01 6.8407017e-24
3.8042037e+01 6.8244097e-24
3.8129763e+01 6.8082100e-24
3.8217690e+01 6.7921019e-24
3.8305821e+01 6.7760848e-24
3.8394154e+01 6.7601584e-24
3.8482691e+01 6.7443220e-24
3.8571433e+01 6.7285751e-24
3.8660379e+01 6.7129172e-24
3.8749530e+01 6.6973478e-24
3.8838886e+01 6.6818663e-24
3.8928449e+01 6.6664722e-24
3.9018219e+01 6.6511651e-24
3.9108195e+01 6.6359444e-24
3.9198379e+01 6.6208096e-24
3.9288770e+01 6.6057602e-24
3.9379371e+01 6.5907957e-24
3.9470180e+01 6.5759155e-24
3.9561198e+01 6.5611193e-24
3.9652427e+01 6.5464065e-24
3.9743865e+01 6.5317765e-24
3.9835515e+01 6.5172290e-24
3.9927376e+01 6.5027635e-24
4.0019449e+01 6.4883793e-24
4.0111734e+01 6.4740761e-24
4.0204232e+01 6.4598534e-24
4.0296943e+01 6.4457107e-24
4.0389868e+01 6.4316475e-24
4.0483008e+01 6.4176634e-24
4.0576362e+01 6.4037579e-24
4.0669931e+01 6.3899304e-24
4.0763716e+01 6.3761806e-24
4.0857718e+01 6.3625080e-24
4.0951936e+01 6.3489121e-24
4.1046372e+01 6.3353924e-24
4.1141025e+01 6.3219486e-24
4.1235896e+01 6.3085801e-24
4.1330987e+01 6.2952865e-24
4.1426296e+01 6.2820673e-24
4.1521826e+01 6.2689221e-24
4.1617575e+01 6.2558505e-24
4.1713546e+01 6.2428520e-24
4.1809737e+01 6.2299262e-24
4.1906151e+01 6.2170726e-24
4.2002787e+01 6.2042907e-24
4.2099646e+01 6.1915803e-24
4.2196728e+01 6.1789407e-24
4.2294034e+01 6.1663717e-24
4.2391564e+01 6.1538727e-24
4.2489319e+01 6.1414434e-24
4.2587300e+01 6.1290833e-24
4.2685507e+01 6.1167920e-24
4.2783940e+01 6.1045691e-24
4.2882600e+01 6.0924142e-24
4.2981488e+01 6.0803268e-24
4.3080603e+01 6.0683065e-24
4.3179947e+01 6.0563530e-24
4.3279521e+01 6.0444658e-24
4.3379324e+01 6.0326445e-24
4.3479357e+01 6.0208888e-24
4.3579620e+01 6.0091982e-24
4.3680115e+01 5.9975722e-24
4.3780842e+01 5.9860106e-24
4.3881801e+01 5.9745130e-24
4.3982993e+01 5.9630788e-24
4.4084418e+01 5.9517078e-24
4.4186077e+01 5.9403996e-24
4.4287970e+01 5.9291537e-24
4.4390099e+01 5.9179698e-24
4.4492463e+01 5.9068475e-24
4.4595062e+01 5.8957865e-24
4.4697899e+01 5.8847862e-24
4.4800973e+01 5.8738465e-24
4.4904284e+01 5.8629668e-24
4.5007834e+01 5.8521469e-24
4.5111622e+01 5.8413863e-24
4.5215650e+01 5.8306847e-24
4.5319918e+01 5.8200417e-24
4.5424426e+01 5.8094570e-24
4.5529175e+01 5.7989302e-24
4.5634165e+01 5.7884609e-24
4.5739398e+01 5.7780488e-24
4.5844873e+01 5.7676935e-24
4.5950592e+01 5.7573947e-24
4.6056554e+01 5.7471520e-24
4.6162761e+01 5.7369651e-24
4.6269213e+01 5.7268336e-24
4.6375910e+01 5.7167571e-24
4.6482853e+01 5.7067354e-24
4.6590043e+01 5.6967681e-24
4.6697480e+01 5.6868548e-24
4.6805165e+01 5.6769952e-24
4.6913098e+01 5.6671890e-24
4.7021280e+01 5.6574359e-24
4.7129711e+01 5.6477354e-24
4.7238393e+01 5.6380873e-24
4.7347325e+01 5.6284913e-24
4.7456508e+01 5.6189470e-24
4.7565943e+01 5.6094540e-24
4.7675631e+01 5.6000122e-24
4.7785571e+01 5.5906211e-24
4.7895765e+01 5.5812804e-24
4.8006213e+01 5.5719898e-24
4.8116916e+01 5.5627491e-24
4.8227874e+01 5.5535578e-24
4.8339087e+01 5.5444156e-24
4.8450558e+01 5.5353224e-24
4.8562285e+01 5.5262777e-24
4.8674270e+01 5.5172812e-24
4.8786513e+01 5.5083327e-24
4.8899015e+01 5.4994318e-24
4.9011777e+01 5.4905782e-24
4.9124798e+01 5.4817717e-24
4.9238081e+01 5.4730119e-24
4.9351624e+01 5.4642985e-24
4.9465429e+01 5.4556313e-24
4.9579497e+01 5.4470100e-24
4.9693828e+01 5.4384342e-24
4.9808422e+01 5.4299036e-24
4.9923280e+01 5.4214181e-24
5.0038404e+01 5.4129773e-24
5.0153793e+01 5.4045808e-24
5.0269448e+01 5.3962285e-24
5.0385370e+01 5.3879201e-24
5.0501559e+01 5.3796552e-24
5.0618016e+01 5.3714336e-24
5.0734741e+01 5.3632550e-24
5.0851736e+01 5.3551192e-24
5.0969000e+01 5.3470258e-24
5.1086535e+01 5.3389747e-24
5.1204341e+01 5.3309654e-24
5.1322419e+01 5.3229979e-24
5.1440769e+01 5.3150717e-24
5.1559392e+01 5.3071867e-24
5.1678288e+01 5.2993425e-24
5.1797458e+01 5.2915389e-24
5.1916904e+01 5.2837757e-24
5.2036625e+01 5.2760526e-24
5.2156621e+01 5.2683693e-24
5.2276895e+01 5.2607255e-24
5.2397446e+01 5.2531212e-24
5.2518275e+01 5.2455558e-24
5.2639382e+01 5.2380293e-24
5.2760769e+01 5.2305414e-24
5.2882436e+01 5.2230918e-24
5.3004383e+01 5.2156803e-24
5.3126612e+01 5.2083066e-24
5.3249122e+01 5.2009705e-24
5.3371915e+01 5.1936718e-24
5.3494991e+01 5.1864102e-24
5.3618351e+01 5.1791854e-24
5.3741995e+01 5.1719973e-24
5.3865925e+01 5.1648456e-24
5.3990140e+01 5.1577301e-24
5.4114642e+01 5.1506505e-24
5.4239430e+01 5.1436066e-24
5.4364507e+01 5.1365981e-24
5.4489872e+01 5.1296250e-24
5.4615526e+01 5.1226868e-24
5.4741470e+01 5.1157835e-24
5.4867704e+01 5.1089147e-24
5.4994229e+01 5.1020803e-24
5.5121046e+01 5.0952800e-24
5.5248156e+01 5.0885136e-24
5.5375559e+01 5.0817809e-24
5.5503255e+01 5.0750817e-24
5.5631246e+01 5.0684157e-24
5.5759532e+01 5.0617828e-24
5.5888114e+01 5.0551828e-24
5.6016992e+01 5.0486153e-24
5.6146168e+01 5.0420803e-24
5.6275642e+01 5.0355775e-24
5.6405414e+01 5.0291067e-24
5.6535485e+01 5.0226676e-24
5.6665856e+01 5.0162602e-24
5.6796528e+01 5.0098841e-24
5.6927501e+01 5.0035393e-24
5.7058777e+01 4.9972254e-24
5.7190355e+01 4.9909423e-24
5.7322236e+01 4.9846897e-24
5.7454421e+01 4.9784676e-24
5.7586912e+01 4.9722757e-24
5.7719708e+01 4.9661137e-24
5.7852810e+01 4.9599816e-24
5.7986219e+01 4.9538791e-24
5.8119935e+01 4.9478060e-24
5.8253960e+01 4.9417622e-24
5.8388294e+01 4.9357474e-24
5.8522938e+01 4.9297615e-24
5.8657893e+01 4.9238042e-24
5.8793158e+01 4.9178755e-24
5.8928736e+01 4.9119750e-24
5.9064626e+01 4.9061027e-24
5.9200829e+01 4.9002583e-24
5.9337347e+01 4.8944418e-24
5.9474179e+01 4.8886527e-24
5.9611327e+01 4.8828912e-24
5.9748791e+01 4.8771568e-24
5.9886572e+01 4.8714495e-24
6.0024671e+01 4.8657691e-24
6.0163089e+01 4.8601155e-24
6.0301825e+01 4.8544884e-24
6.0440882e+01 4.8488876e-24
6.0580259e+01 4.8433131e-24
6.0719957e+01 4.8377646e-24
6.0859978e+01 4.8322420e-24
6.1000322e+01 4.8267451e-24
6.1140989e+01 4.8212738e-24
6.1281980e+01 4.8158278e-24
6.1423297e+01 4.8104071e-24
6.1564940e+01 4.8050114e-24
6.1706909e+01 4.7996406e-24
6.1849206e+01 4.7942946e-24
6.1991830e+01 4.7889731e-24
6.2134784e+01 4.7836761e-24
6.2278067e+01 4.7784034e-24
6.2421681e+01 4.7731547e-24
6.2565626e+01 4.7679301e-24
6.2709903e+01 4.7627292e-24
6.2854512e+01 4.7575520e-24
6.2999455e+01 4.7523984e-24
6.3144732e+01 4.7472681e-24
6.3290345e+01 4.7421610e-24
6.3436293e+01 4.7370770e-24
6.3582577e+01 4.7320159e-24
6.3729199e+01 4.7269775e-24
6.3876159e+01 4.7219619e-24
6.4023458e+01 4.7169687e-24
6.4171097e+01 4.7119978e-24
6.4319076e+01 4.7070492e-24
6.4467396e+01 4.7021226e-24
6.4616058e+01 4.6972179e-24
6.4765063e+01 4.6923351e-24
6.4914412e+01 4.6874739e-24
6.5064105e+01 4.6826342e-24
6.5214144e+01 4.6778159e-24
6.5364528e+01 4.6730188e-24
6.5515259e+01 4.6682428e-24
6.5666338e+01 4.6634879e-24
6.5817765e+01 4.6587538e-24
6.5969541e+01 4.6540404e-24
6.6121667e+01 4.6493475e-24
6.6274144e+01 4.6446752e-24
6.6426973e+01 4.6400232e-24
6.6580154e+01 4.6353913e-24
6.6733688e+01 4.6307796e-24
6.6887577e+01 4.6261878e-24
6.7041820e+01 4.6216159e-24
6.7196419e+01 4.6170636e-24
6.7351374e+01 4.6125309e-24
6.7506687e+01 4.6080177e-24
6.7662358e+01 4.6035239e-24
6.7818388e+01 4.5990492e-24
6.7974778e+01 4.5945937e-24
6.8131528e+01 4.5901571e-24
6.8288640e+01 4.5857394e-24
6.8446114e+01 4.5813405e-24
6.8603951e+01 4.5769602e-24
6.8762153e+01 4.5725984e-24
6.8920719e+01 4.5682550e-24
6.9079650e+01 4.5639299e-24
6.9238949e+01 4.5596230e-24
6.9398614e+01 4.5553342e-24
6.9558648e+01 4.5510633e-24
6.9719051e+01 4.5468102e-24
6.9879823e+01 4.5425749e-24
7.0040967e+01 4.5383572e-24
7.0202482e+01 4.5341571e-24
7.0364369e+01 4.5299743e-24
7.0526630e+01 4.5258089e-24
7.0689265e+01 4.5216606e-24
7.0852275e+01 4.5175295e-24
7.1015661e+01 4.5134153e-24
7.1179423e+01 4.5093181e-24
7.1343564e+01 4.5052376e-24
7.1508083e+01 4.5011738e-24
7.1672981e+01 4.4971266e-24
7.1838259e+01 4.4930959e-24
7.2003919e+01 4.4890816e-24
7.2169960e+01 4.4850836e-24
7.2336385e+01 4.4811017e-24
7.2503193e+01 4.4771360e-24
7.2670386e+01 4.4731862e-24
7.2837964e+01 4.4692523e-24
7.3005929e+01 4.4653343e-24
7.3174282e+01 4.4614319e-24
7.3343022e+01 4.4575452e-24
7.3512152e+01 4.4536740e-24
7.3681671e+01 4.4498182e-24
7.3851582e+01 4.4459777e-24
7.4021884e+01 4.4421525e-24
7.4192579e+01 4.4383425e-24
7.4363668e+01 4.4345475e-24
7.4535151e+01 4.4307675e-24
7.4707029e+01 4.4270024e-24
7.4879304e+01 4.4232521e-24
7.5051977e+01 4.4195165e-24
7.5225047e+01 4.4157955e-24
7.5398517e+01 4.4120891e-24
7.5572386e+01 4.4083971e-24
7.5746657e+01 4.4047196e-24
7.5921329e+01 4.4010562e-24
7.6096404e+01 4.3974071e-24
7.6271883e+01 4.3937722e-24
7.6447767e+01 4.3901512e-24
7.6624056e+01 4.3865442e-24
7.6800751e+01 4.3829511e-24
7.6977855e+01 4.3793718e-24
7.7155366e+01 4.3758062e-24
7.7333287e+01 4.3722543e-24
7.7511618e+01 4.3687159e-24
7.7690361e+01 4.3651910e-24
7.7869515e+01 4.3616795e-24
7.8049083e+01 4.3581813e-24
7.8229065e+01 4.3546964e-24
7.8409461e+01 4.3512246e-24
7.8590274e+01 4.3477659e-24
7.8771504e+01 4.3443203e-24
7.8953152e+01 4.3408876e-24
7.9135218e+01 4.3374678e-24
7.9317705e+01 4.3340608e-24
7.9500612e+01 4.3306666e-24
7.9683941e+01 4.3272850e-24
7.9867693e+01 4.3239160e-24
8.0051868e+01 4.3205595e-24
8.0236468e+01 4.3172154e-24
8.0421494e+01 4.3138838e-24
8.0606947e+01 4.3105644e-24
8.0792827e+01 4.3072573e-24
8.0979136e+01 4.3039624e-24
8.1165874e+01 4.3006795e-24
8.1353044e+01 4.2974087e-24
8.1540644e+01 4.2941499e-24
8.1728678e+01 4.2909030e-24
8.1917145e+01 4.2876679e-24
8.2106046e+01 4.2844446e-24
8.2295383e+01 4.2812330e-24
8.2485157e+01 4.2780331e-24
8.2675369e+01 4.2748447e-24
8.2866019e+01 4.2716678e-24
8.3057108e+01 4.2685024e-24
8.3248639e+01 4.2653485e-24
8.3440611e+01 4.2622058e-24
8.3633025e+01 4.2590744e-24
8.3825884e+01 4.2559542e-24
8.4019187e+01 4.2528452e-24
8.4212936e+01 4.2497472e-24
8.4407131e+01 4.2466603e-24
8.4601775e+01 4.2435844e-24
8.4796867e+01 4.2405194e-24
8.4992409e+01 4.2374652e-24
8.5188403e+01 4.2344218e-24
8.5384848e+01 4.2313892e-24
8.5581746e+01 4.2283672e-24
8.5779098e+01 4.2253559e-24
8.5976905e+01 4.2223552e-24
8.6175169e+01 4.2193649e-24
8.6373889e+01 4.2163852e-24
8.6573068e+01 4.2134158e-24
8.6772706e+01 4.2104568e-24
8.6972805e+01 4.2075081e-24
8.7173365e+01 4.2045696e-24
8.7374387e+01 4.2016413e-24
8.7575873e+01 4.1987232e-24
8.7777824e+01 4.1958151e-24
8.7980240e+01 4.1929171e-24
8.8183123e+01 4.1900290e-24
8.8386474e+01 4.1871509e-24
8.8590294e+01 4.1842827e-24
8.8794584e+01 4.1814243e-24
8.8999345e+01 4.1785757e-24
8.9204578e+01 4.1757368e-24
8.9410285e+01 4.1729076e-24
8.9616465e+01 4.1700880e-24
8.9823122e+01 4.1672781e-24
9.0030254e+01 4.1644776e-24
9.0237865e+01 4.1616867e-24
9.0445954e+01 4.1589052e-24
9.0654523e+01 4.1561331e-24
9.0863573e+01 4.1533703e-24
9.1073105e+01 4.1506168e-24
9.1283120e+01 4.1478726e-24
9.1493620e+01 4.1451376e-24
9.1704605e+01 4.1424118e-24
9.1916077e+01 4.1396951e-24
9.2128036e+01 4.1369875e-24
9.2340484e+01 4.1342889e-24
9.2553422e+01 4.1315993e-24
9.2766850e+01 4.1289187e-24
9.2980771e+01 4.1262469e-24
9.3195186e+01 4.1235841e-24
9.3410095e+01 4.1209300e-24
9.3625499e+01 4.1182847e-24
9.3841400e+01 4.1156481e-24
9.4057799e+01 4.1130203e-24
9.4274697e+01 4.1104011e-24
9.4492095e+01 4.1077905e-24
9.4709995e+01 4.1051885e-24
9.4928397e+01 4.1025950e-24
9.5147302e+01 4.1000100e-24
9.5366713e+01 4.0974334e-24
9.5586629e+01 4.0948653e-24
9.5807053e+01 4.0923055e-24
9.6027984e+01 4.0897541e-24
9.6249426e+01 4.0872110e-24
9.6471378e+01 4.0846761e-24
9.6693841e+01 4.0821495e-24
9.6916818e+01 4.0796310e-24
9.7140309e+01 4.0771207e-24
9.7364315e+01 4.0746185e-24
9.7588838e+01 4.0721244e-24
9.7813879e+01 4.0696383e-24
9.8039438e+01 4.0671602e-24
9.8265518e+01 4.0646900e-24
9.8492119e+01 4.0622278e-24
9.8719243e+01 4.0597735e-24
9.8946890e+01 4.0573271e-24
9.9175062e+01 4.0548885e-24
9.9403761e+01 4.0524577e-24
9.9632987e+01 4.0500346e-24
9.9862741e+01 4.0476193e-24
1.0009303e+02 4.0452116e-24
1.0032384e+02 4.0428116e-24
1.0055519e+02 4.0404192e-24
1.0078707e+02 4.0380345e-24
1.0101948e+02 4.0356573e-24
1.0125244e+02 4.0332876e-24
1.0148593e+02 4.0309254e-24
1.0171995e+02 4.0285706e-24
1.0195452e+02 4.0262233e-24
1.0218963e+02 4.0238834e-24
1.0242528e+02 4.0215509e-24
1.0266147e+02 4.0192257e-24
1.0289821e+02 4.0169078e-24
1.0313549e+02 4.0145972e-24
1.0337332e+02 4.0122939e-24
1.0361170e+02 4.0099978e-24
1.0385063e+02 4.0077088e-24
1.0409011e+02 4.0054270e-24
1.0433015e+02 4.0031524e-24
1.0457073e+02 4.0008848e-24
1.0481187e+02 3.9986243e-24
1.0505357e+02 3.9963709e-24
1.0529582e+02 3.9941245e-24
1.0553864e+02 3.9918851e-24
1.0578201e+02 3.9896526e-24
1.0602594e+02 3.9874271e-24
1.0627044e+02 3.9852085e-24
1.0651550e+02 3.9829967e-24
1.0676113e+02 3.9807919e-24
1.0700732e+02 3.9785938e-24
1.0725408e+02 3.9764026e-24
1.0750141e+02 3.9742181e-24
1.0774931e+02 3.9720403e-24
1.0799778e+02 3.9698693e-24
1.0824682e+02 3.9677050e-24
1.0849644e+02 3.9655474e-24
1.0874663e+02 3.9633964e-24
1.0899740e+02 3.9612520e-24
1.0924875e+02 3.9591143e-24
1.0950068e+02 3.9569831e-24
1.0975319e+02 3.9548584e-24
1.1000628e+02 3.9527403e-24
1.1025996e+02 3.9506287e-24
1.1051422e+02 3.9485236e-24
1.1076906e+02 3.9464249e-24
1.1102450e+02 3.9443326e-24
1.1128052e+02 3.9422468e-24
1.1153714e+02 3.9401673e-24
1.1179434e+02 3.9380942e-24
1.1205214e+02 3.9360275e-24
1.1231053e+02 3.9339670e-24
1.1256952e+02 3.9319129e-24
1.1282911e+02 3.9298650e-24
1.1308929e+02 3.9278234e-24
1.1335008e+02 3.9257880e-24
1.1361146e+02 3.9237588e-24
1.1387345e+02 3.9217358e-24
1.1413605e+02 3.9197190e-24
1.1439924e+02 3.9177083e-24
1.1466305e+02 3.9157038e-24
1.1492746e+02 3.9137053e-24
1.1519249e+02 3.9117130e-24
1.1545812e+02 3.9097267e-24
1.1572437e+02 3.9077464e-24
1.1599123e+02 3.9057722e-24
1.1625871e+02 3.9038039e-24
1.1652680e+02 3.9018417e-24
1.1679551e+02 3.8998854e-24
1.1706484e+02 3.8979351e-24
1.1733480e+02 3.8959907e-24
1.1760537e+02 3.8940522e-24
1.1787657e+02 3.8921196e-24
1.1814839e+02 3.8901928e-24
1.1842085e+02 3.8882719e-24
1.1869392e+02 3.8863569e-24
1.1896763e+02 3.8844477e-24
1.1924197e+02 3.8825442e-24
1.1951695e+02 3.8806466e-24
1.1979255e+02 3.8787547e-24
1.2006880e+02 3.8768685e-24
1.2034568e+02 3.8749881e-24
1.2062319e+02 3.8731134e-24
1.2090135e+02 3.8712444e-24
1.2118015e+02 3.8693811e-24
1.2145959e+02 3.8675234e-24
1.2173968e+02 3.8656713e-24
1.2202041e+02 3.8638249e-24
1.2230179e+02 3.8619842e-24
1.2258382e+02 3.8601490e-24
1.2286650e+02 3.8583193e-24
1.2314983e+02 3.8564953e-24
1.2343382e+02 3.8546768e-24
1.2371846e+02 3.8528638e-24
1.2400375e+02 3.8510563e-24
1.2428971e+02 3.8492544e-24
1.2457632e+02 3.8474579e-24
1.2486359e+02 3.8456669e-24
1.2515153e+02 3.8438814e-24
1.2544013e+02 3.8421013e-24
1.2572940e+02 3.8403266e-24
1.2601933e+02 3.8385573e-24
1.2630993e+02 3.8367935e-24
1.2660120e+02 3.8350350e-24
1.2689314e+02 3.8332819e-24
1.2718576e+02 3.8315341e-24
1.2747905e+02 3.8297917e-24
1.2777302e+02 3.8280546e-24
1.2806767e+02 3.8263229e-24
1.2836299e+02 3.8245964e-24
1.2865900e+02 3.8228752e-24
1.2895569e+02 3.8211593e-24
1.2925306e+02 3.8194487e-24
1.2955112e+02 3.8177433e-24
1.2984986e+02 3.8160431e-24
1.3014930e+02 3.8143482e-24
1.3044942e+02 3.8126585e-24
1.3075024e+02 3.8109739e-24
1.3105175e+02 3.8092946e-24
1.3135396e+02 3.8076204e-24
1.3165686e+02 3.8059514e-24
1.3196046e+02 3.8042876e-24
1.3226476e+02 3.8026288e-24
1.3256977e+02 3.8009752e-24
1.3287547e+02 3.7993268e-24
1.3318189e+02 3.7976834e-24
1.3348901e+02 3.7960451e-24
1.3379683e+02 3.7944119e-24
1.3410537e+02 3.7927838e-24
1.3441462e+02 3.7911607e-24
1.3472458e+02 3.7895426e-24
1.3503525e+02 3.7879297e-24
1.3534665e+02 3.7863217e-24
1.3565876e+02 3.7847187e-24
1.3597159e+02 3.7831208e-24
1.3628514e+02 3.7815278e-24
1.3659941e+02 3.7799398e-24
1.3691441e+02 3.7783568e-24
1.3723014e+02 3.7767788e-24
1.3754659e+02 3.7752057e-24
1.3786377e+02 3.7736375e-24
1.3818169e+02 3.7720743e-24
1.3850034e+02 3.7705160e-24
1.3881972e+02 3.7689627e-24
1.3913984e+02 3.7674142e-24
1.3946070e+02 3.7658706e-24
1.3978229e+02 3.7643319e-24
1.4010463e+02 3.7627981e-24
1.4042772e+02 3.7612692e-24
1.4075154e+02 3.7597451e-24
1.4107612e+02 3.7582258e-24
1.4140144e+02 3.7567114e-24
1.4172751e+02 3.7552019e-24
1.4205434e+02 3.7536971e-24
1.4238192e+02 3.7521972e-24
1.4271025e+02 3.7507021e-24
1.4303934e+02 3.7492117e-24
1.4336919e+02 3.7477262e-24
1.4369980e+02 3.7462454e-24
1.4403117e+02 3.7447695e-24
1.4436331e+02 3.7432982e-24
1.4469621e+02 3.7418318e-24
1.4502988e+02 3.7403701e-24
1.4536432e+02 3.7389131e-24
1.4569954e+02 3.7374609e-24
1.4603552e+02 3.7360134e-24
1.4637228e+02 3.7345706e-24
1.4670981e+02 3.7331325e-24
1.4704813e+02 3.7316991e-24
1.4738722e+02 3.7302705e-24
1.4772710e+02 3.7288465e-24
1.4806776e+02 3.7274272e-24
1.4840920e+02 3.7260126e-24
1.4875144e+02 3.7246026e-24
1.4909446e+02 3.7231974e-24
1.4943827e+02 3.7217967e-24
1.4978288e+02 3.7204008e-24
1.5012828e+02 3.7190094e-24
1.5047447e+02 3.7176227e-24
1.5082147e+02 3.7162407e-24
1.5116927e+02 3.7148632e-24
1.5151786e+02 3.7134904e-24
1.5186726e+02 3.7121222e-24
1.5221747e+02 3.7107586e-24
1.5256849e+02 3.7093996e-24
1.5292031e+02 3.7080453e-24
1.5327295e+02 3.7066954e-24
1.5362639e+02 3.7053502e-24
1.5398066e+02 3.7040096e-24
1.5433574e+02 3.7026735e-24
1.5469164e+02 3.7013420e-24
1.5504836e+02 3.7000151e-24
1.5540590e+02 3.6986927e-24
1.5576427e+02 3.6973749e-24
1.5612346e+02 3.6960616e-24
1.5648348e+02 3.6947529e-24
1.5684434e+02 3.6934487e-24
1.5720602e+02 3.6921490e-24
1.5756854e+02 3.6908539e-24
1.5793189e+02 3.6895633e-24
1.5829608e+02 3.6882772e-24
1.5866112e+02 3.6869956e-24
1.5902699e+02 3.6857185e-24
1.5939371e+02 3.6844460e-24
1.5976127e+02 3.6831779e-24
1.6012968e+02 3.6819144e-24
1.6049894e+02 3.6806553e-24
1.6086905e+02 3.6794007e-24
1.6124002e+02 3.6781506e-24
1.6161184e+02 3.6769050e-24
1.6198452e+02 3.6756639e-24
1.6235805e+02 3.6744272e-24
1.6273245e+02 3.6731951e-24
1.6310772e+02 3.6719673e-24
1.6348384e+02 3.6707441e-24
1.6386084e+02 3.6695253e-24
1.6423870e+02 3.6683109e-24
1.6461744e+02 3.6671011e-24
1.6499705e+02 3.6658956e-24
1.6537753e+02 3.6646946e-24
1.6575889e+02 3.6634981e-24
1.6614114e+02 3.6623060e-24
1.6652426e+02 3.6611183e-24
1.6690826e+02 3.6599351e-24
1.6729316e+02 3.6587563e-24
1.6767894e+02 3.6575819e-24
1.6806560e+02 3.6564120e-24
1.6845316e+02 3.6552465e-24
1.6884162e+02 3.6540854e-24
1.6923097e+02 3.6529287e-24
1.6962122e+02 3.6517764e-24
1.7001236e+02 3.6506286e-24
1.7040441e+02 3.6494851e-24
1.7079737e+02 3.6483461e-24
1.7119123e+02 3.6472115e-24
1.7158600e+02 3.6460813e-24
1.7198168e+02 3.6449555e-24
1.7237827e+02 3.6438341e-24
1.7277577e+02 3.6427171e-24
1.7317419e+02 3.6416045e-24
1.7357354e+02 3.6404963e-24
1.7397380e+02 3.6393925e-24
1.7437498e+02 3.6382930e-24
1.7477709e+02 3.6371980e-24
1.7518013e+02 3.6361074e-24
1.7558410e+02 3.6350211e-24
1.7598899e+02 3.6339393e-24
1.7639483e+02 3.6328618e-24
1.7680159e+02 3.6317887e-24
1.7720930e+02 3.6307200e-24
1.7761795e+02 3.6296557e-24
1.7802753e+02 3.6285958e-24
1.7843807e+02 3.6275402e-24
1.7884955e+02 3.6264890e-24
1.7926198e+02 3.6254422e-24
1.7967535e+02 3.6243998e-24
1.8008969e+02 3.6233618e-24
1.8050498e+02 3.6223281e-24
1.8092122e+02 3.6212989e-24
1.8133843e+02 3.6202740e-24
1.8175659e+02 3.6192534e-24
1.8217573e+02 3.6182373e-24
1.8259583e+02 3.6172255e-24
1.8301689e+02 3.6162181e-24
1.8343893e+02 3.6152151e-24
1.8386194e+02 3.6142165e-24
1.8428593e+02 3.6132222e-24
1.8471089e+02 3.6122323e-24
1.8513684e+02 3.6112468e-24
1.8556377e+02 3.6102656e-24
1.8599168e+02 3.6092889e-24
1.8642058e+02 3.6083165e-24
1.8685046e+02 3.6073485e-24
1.8728134e+02 3.6063848e-24
1.8771321e+02 3.6054256e-24
1.8814608e+02 3.6044707e-24
1.8857995e+02 3.6035202e-24
1.8901482e+02 3.6025741e-24
1.8945068e+02 3.6016324e-24
1.8988756e+02 3.6006950e-24
1.9032544e+02 3.5997620e-24
1.9076433e+02 3.5988334e-24
1.9120424e+02 3.5979092e-24
1.9164516e+02 3.5969894e-24
1.9208709e+02 3.5960740e-24
1.9253005e+02 3.5951629e-24
1.9297402e+02 3.5942563e-24
1.9341902e+02 3.5933540e-24
1.9386505e+02 3.5924561e-24
1.9431210e+02 3.5915626e-24
1.9476019e+02 3.5906735e-24
1.9520930e+02 3.5897888e-24
1.9565946e+02 3.5889085e-24
1.9611065e+02 3.5880326e-24
1.9656288e+02 3.5871611e-24
1.9701616e+02 3.5862940e-24
1.9747048e+02 3.5854313e-24
1.9792585e+02 3.5845730e-24
1.9838227e+02 3.5837191e-24
1.9883974e+02 3.5828697e-24
1.9929826e+02 3.5820246e-24
1.9975785e+02 3.5811840e-24
2.0021849e+02 3.5803477e-24
2.0068020e+02 3.5795159e-24
2.0114297e+02 3.5786885e-24
2.0160680e+02 3.5778656e-24
2.0207171e+02 3.5770470e-24
2.0253769e+02 3.5762329e-24
2.0300474e+02 3.5754232e-24
2.0347287e+02 3.5746180e-24
2.0394208e+02 3.5738172e-24
2.0441237e+02 3.5730208e-24
2.0488375e+02 3.5722289e-24
2.0535621e+02 3.5714414e-24
2.0582977e+02 3.5706583e-24
2.0630441e+02 3.5698797e-24
2.0678015e+02 3.5691056e-24
2.0725699e+02 3.5683359e-24
2.0773492e+02 3.5675707e-24
2.0821396e+02 3.5668099e-24
2.0869411e+02 3.5660536e-24
2.0917536e+02 3.5653018e-24
2.0965772e+02 3.5645544e-24
2.1014119e+02 3.5638116e-24
2.1062578e+02 3.5630732e-24
2.1111148e+02 3.5623393e-24
2.1159831e+02 3.5616098e-24
2.1208625e+02 3.5608849e-24
2.1257533e+02 3.5601644e-24
2.1306553e+02 3.5594485e-24
2.1355686e+02 3.5587370e-24
2.1404932e+02 3.5580301e-24
2.1454292e+02 3.5573277e-24
2.1503766e+02 3.5566298e-24
2.1553354e+02 3.5559364e-24
2.1603056e+02 3.5552475e-24
2.1652873e+02 3.5545631e-24
2.1702804e+02 3.5538833e-24
2.1752851e+02 3.5532080e-24
2.1803013e+02 3.5525373e-24
2.1853291e+02 3.5518711e-24
2.1903685e+02 3.5512094e-24
2.1954195e+02 3.5505523e-24
2.2004822e+02 3.5498998e-24
2.2055565e+02 3.5492518e-24
2.2106425e+02 3.5486083e-24
2.2157403e+02 3.5479695e-24
2.2208498e+02 3.5473352e-24
2.2259711e+02 3.5467055e-24
2.2311042e+02 3.5460804e-24
2.2362491e+02 3.5454599e-24
2.2414060e+02 3.5448440e-24
2.2465747e+02 3.5442327e-24
2.2517553e+02 3.5436260e-24
2.2569478e+02 3.5430239e-24
2.2621524e+02 3.5424264e-24
2.2673689e+02 3.5418335e-24
2.2725975e+02 3.5412453e-24
2.2778381e+02 3.5406617e-24
2.2830908e+02 3.5400827e-24
2.2883556e+02 3.5395084e-24
2.2936326e+02 3.5389387e-24
2.2989217e+02 3.5383737e-24
2.3042231e+02 3.5378134e-24
2.3095366e+02 3.5372577e-24
2.3148624e+02 3.5367067e-24
2.3202005e+02 3.5361603e-24
2.3255509e+02 3.5356187e-24
2.3309137e+02 3.5350817e-24
2.3362888e+02 3.5345495e-24
2.3416763e+02 3.5340219e-24
2.3470762e+02 3.5334991e-24
2.3524886e+02 3.5329810e-24
2.3579134e+02 3.5324676e-24
2.3633508e+02 3.5319589e-24
2.3688007e+02 3.5314550e-24
2.3742632e+02 3.5309558e-24
2.3797382e+02 3.5304613e-24
2.3852259e+02 3.5299716e-24
2.3907263e+02 3.5294867e-24
2.3962393e+02 3.5290065e-24
2.4017651e+02 3.5285312e-24
2.4073036e+02 3.5280606e-24
2.4128548e+02 3.5275948e-24
2.4184189e+02 3.5271337e-24
2.4239958e+02 3.5266775e-24
2.4295855e+02 3.5262261e-24
2.4351882e+02 3.5257796e-24
2.4408037e+02 3.5253378e-24
2.4464322e+02 3.5249009e-24
2.4520737e+02 3.5244688e-24
2.4577282e+02 3.5240416e-24
2.4633958e+02 3.5236192e-24
2.4690764e+02 3.5232017e-24
2.4747701e+02 3.5227891e-24
2.4804769e+02 3.5223813e-24
2.4861969e+02 3.5219784e-24
2.4919301e+02 3.5215804e-24
2.4976765e+02 3.5211874e-24
2.5034362e+02 3.5207992e-24
2.5092091e+02 3.5204159e-24
2.5149954e+02 3.5200376e-24
2.5207950e+02 3.5196642e-24
2.5266080e+02 3.5192958e-24
2.5324343e+02 3.5189323e-24
2.5382742e+02 3.5185738e-24
2.5441274e+02 3.5182202e-24
2.5499942e+02 3.5178716e-24
2.5558745e+02 3.5175280e-24
2.5617684e+02 3.5171894e-24
2.5676758e+02 3.5168557e-24
2.5735969e+02 3.5165271e-24
2.5795317e+02 3.5162036e-24
2.5854801e+02 3.5158850e-24
2.5914422e+02 3.5155715e-24
2.5974181e+02 3.5152630e-24
2.6034078e+02 3.5149596e-24
2.6094112e+02 3.5146612e-24
2.6154286e+02 3.5143680e-24
2.6214598e+02 3.5140798e-24
2.6275049e+02 3.5137966e-24
2.6335639e+02 3.5135186e-24
2.6396369e+02 3.5132457e-24
2.6457240e+02 3.5129780e-24
2.6518250e+02 3.5127153e-24
2.6579401e+02 3.5124578e-24
2.6640694e+02 3.5122055e-24
2.6702127e+02 3.5119582e-24
2.6763703e+02 3.5117162e-24
2.6825420e+02 3.5114794e-24
2.6887280e+02 3.5112477e-24
2.6949282e+02 3.5110212e-24
2.7011427e+02 3.5108000e-24
2.7073716e+02 3.5105839e-24
2.7136148e+02 3.5103731e-24
2.7198724e+02 3.5101675e-24
2.7261444e+02 3.5099672e-24
2.7324310e+02 3.5097721e-24
2.7387320e+02 3.5095823e-24
2.7450475e+02 3.5093978e-24
2.7513776e+02 3.5092185e-24
2.7577223e+02 3.5090446e-24
2.7640816e+02 3.5088760e-24
2.7704556e+02 3.5087127e-24
2.7768443e+02 3.5085547e-24
2.7832477e+02 3.5084021e-24
2.7896659e+02 3.5082548e-24
2.7960989e+02 3.5081129e-24
2.8025467e+02 3.5079764e-24
2.8090094e+02 3.5078453e-24
2.8154870e+02 3.5077195e-24
2.8219796e+02 3.5075992e-24
2.8284871e+02 3.5074843e-24
2.8350096e+02 3.5073748e-24
2.8415471e+02 3.5072708e-24
2.8480998e+02 3.5071722e-24
2.8546675e+02 3.5070791e-24
2.8612504e+02 3.5069915e-24
2.8678485e+02 3.5069093e-24
2.8744617e+02 3.5068327e-24
2.8810903e+02 3.5067616e-24
2.8877341e+02 3.5066960e-24
2.8943932e+02 3.5066359e-24
2.9010677e+02 3.5065814e-24
2.9077576e+02 3.5065325e-24
2.9144629e+02 3.5064891e-24
2.9211837e+02 3.5064513e-24
2.9279200e+02 3.5064191e-24
2.9346718e+02 3.5063925e-24
2.9414391e+02 3.5063716e-24
2.9482221e+02 3.5063563e-24
2.9550207e+02 3.5063466e-24
2.9618350e+02 3.5063426e-24
2.9686651e+02 3.5063443e-24
2.9755108e+02 3.5063516e-24
2.9823724e+02 3.5063647e-24
2.9892498e+02 3.5063835e-24
2.9961430e+02 3.5064080e-24
3.0030521e+02 3.5064382e-24
3.0099772e+02 3.5064742e-24
3.0169182e+02 3.5065159e-24
3.0238752e+02 3.5065635e-24
3.0308483e+02 3.5066168e-24
3.0378375e+02 3.5066759e-24
3.0448428e+02 3.5067409e-24
3.0518642e+02 3.5068117e-24
3.0589018e+02 3.5068883e-24
3.0659557e+02 3.5069708e-24
3.0730258e+02 3.5070591e-24
3.0801122e+02 3.5071534e-24
3.0872150e+02 3.5072535e-24
3.0943341e+02 3.5073596e-24
3.1014697e+02 3.5074715e-24
3.1086217e+02 3.5075895e-24
3.1157902e+02 3.5077134e-24
3.1229752e+02 3.5078432e-24
3.1301768e+02 3.5079791e-24
3.1373950e+02 3.5081209e-24
3.1446299e+02 3.5082688e-24
3.1518814e+02 3.5084226e-24
3.1591497e+02 3.5085826e-24
3.1664347e+02 3.5087485e-24
3.1737365e+02 3.5089206e-24
3.1810552e+02 3.5090987e-24
3.1883907e+02 3.5092830e-24
3.1957432e+02 3.5094734e-24
3.2031126e+02 3.5096698e-24
3.2104990e+02 3.5098725e-24
3.2179024e+02 3.5100813e-24
3.2253229e+02 3.5102963e-24
3.2327606e+02 3.5105174e-24
3.2402153e+02 3.5107448e-24
3.2476873e+02 3.5109784e-24
3.2551765e+02 3.5112183e-24
3.2626829e+02 3.5114644e-24
3.2702067e+02 3.5117167e-24
3.2777478e+02 3.5119754e-24
3.2853063e+02 3.5122403e-24
3.2928823e+02 3.5125116e-24
3.3004757e+02 3.5127892e-24
3.3080866e+02 3.5130732e-24
3.3157151e+02 3.5133635e-24
3.3233612e+02 3.5136602e-24
3.3310249e+02 3.5139633e-24
3.3387062e+02 3.5142728e-24
3.3464053e+02 3.5145887e-24
3.3541221e+02 3.5149111e-24
3.3618568e+02 3.5152399e-24
3.3696092e+02 3.5155753e-24
3.3773796e+02 3.5159171e-24
3.3851679e+02 3.5162654e-24
3.3929741e+02 3.5166203e-24
3.4007983e+02 3.5169817e-24
3.4086406e+02 3.5173497e-24
3.4165009e+02 3.5177242e-24
3.4243794e+02 3.5181054e-24
3.4322760e+02 3.5184932e-24
3.4401909e+02 3.5188876e-24
3.4481240e+02 3.5192886e-24
3.4560754e+02 3.5196963e-24
3.4640451e+02 3.5201107e-24
3.4720333e+02 3.5205318e-24
3.4800398e+02 3.5209596e-24
3.4880648e+02 3.5213942e-24
3.4961083e+02 3.5218355e-24
3.5041703e+02 3.5222836e-24
3.5122510e+02 3.5227384e-24
3.5203503e+02 3.5232001e-24
3.5284682e+02 3.5236686e-24
3.5366049e+02 3.5241440e-24
3.5447603e+02 3.5246262e-24
3.5529346e+02 3.5251153e-24
3.5611277e+02 3.5256113e-24
3.5693397e+02 3.5261142e-24
3.5775706e+02 3.5266240e-24
3.5858205e+02 3.5271408e-24
3.5940894e+02 3.5276646e-24
3.6023774e+02 3.5281953e-24
3.6106845e+02 3.5287331e-24
3.6190108e+02 3.5292779e-24
3.6273563e+02 3.5298297e-24
3.6357210e+02 3.5303887e-24
3.6441050e+02 3.5309547e-24
3.6525083e+02 3.5315278e-24
3.6609310e+02 3.5321080e-24
3.6693731e+02 3.5326954e-24
3.6778347e+02 3.5332899e-24
3.6863159e+02 3.5338916e-24
3.6948165e+02 3.5345005e-24
3.7033368e+02 3.5351167e-24
3.7118767e+02 3.5357401e-24
3.7204364e+02 3.5363707e-24
3.7290157e+02 3.5370086e-24
3.7376148e+02 3.5376539e-24
3.7462338e+02 3.5383064e-24
3.7548727e+02 3.5389663e-24
3.7635314e+02 3.5396336e-24
3.7722102e+02 3.5403082e-24
3.7809089e+02 3.5409902e-24
3.7896277e+02 3.5416797e-24
3.7983666e+02 3.5423766e-24
3.8071257e+02 3.5430810e-24
3.8159049e+02 3.5437928e-24
3.8247044e+02 3.5445122e-24
3.8335242e+02 3.5452390e-24
3.8423644e+02 3.5459735e-24
3.8512249e+02 3.5467155e-24
3.8601059e+02 3.5474651e-24
3.8690073e+02 3.5482222e-24
3.8779292e+02 3.5489871e-24
3.8868718e+02 3.5497595e-24
3.8958349e+02 3.5505397e-24
3.9048188e+02 3.5513275e-24
3.9138233e+02 3.5521231e-24
3.9228486e+02 3.5529264e-24
3.9318947e+02 3.5537375e-24
3.9409617e+02 3.5545563e-24
3.9500496e+02 3.5553829e-24
3.9591584e+02 3.5562174e-24
3.9682883e+02 3.5570597e-24
3.9774392e+02 3.5579099e-24
3.9866112e+02 3.5587680e-24
3.9958044e+02 3.5596340e-24
4.0050187e+02 3.5605079e-24
4.0142543e+02 3.5613898e-24
4.0235112e+02 3.5622797e-24
4.0327895e+02 3.5631775e-24
4.0420891e+02 3.5640835e-24
4.0514102e+02 3.5649974e-24
4.0607528e+02 3.5659194e-24
4.0701169e+02 3.5668496e-24
4.0795026e+02 3.5677878e-24
4.0889100e+02 3.5687342e-24
4.0983390e+02 3.5696887e-24
4.1077898e+02 3.5706515e-24
4.1172624e+02 3.5716224e-24
4.1267569e+02 3.5726016e-24
4.1362732e+02 3.5735891e-24
4.1458115e+02 3.5745848e-24
4.1553718e+02 3.5755888e-24
4.1649541e+02 3.5766012e-24
4.1745585e+02 3.5776219e-24
4.1841851e+02 3.5786510e-24
4.1938338e+02 3.5796886e-24
4.2035048e+02 3.5807345e-24
4.2131982e+02 3.5817889e-24
4.2229138e+02 3.5828518e-24
4.2326519e+02 3.5839232e-24
4.2424124e+02 3.5850031e-24
4.2521955e+02 3.5860915e-24
4.2620010e+02 3.5871886e-24
4.2718293e+02 3.5882942e-24
4.2816801e+02 3.5894085e-24
4.2915537e+02 3.5905315e-24
4.3014501e+02 3.5916631e-24
4.3113692e+02 3.5928034e-24
4.3213113e+02 3.5939525e-24
4.3312763e+02 3.5951103e-24
4.3412642e+02 3.5962770e-24
4.3512752e+02 3.5974524e-24
4.3613093e+02 3.5986367e-24
4.3713665e+02 3.5998299e-24
4.3814469e+02 3.6010319e-24
4.3915506e+02 3.6022429e-24
4.4016775e+02 3.6034629e-24
4.4118278e+02 3.6046918e-24
4.4220015e+02 3.6059298e-24
4.4321987e+02 3.6071768e-24
4.4424194e+02 3.6084329e-24
4.4526636e+02 3.6096981e-24
4.4629315e+02 3.6109725e-24
4.4732231e+02 3.6122560e-24
4.4835383e+02 3.6135488e-24
4.4938774e+02 3.6148508e-24
4.5042403e+02 3.6161620e-24
4.5146271e+02 3.6174826e-24
4.5250379e+02 3.6188126e-24
4.5354727e+02 3.6201520e-24
4.5459315e+02 3.6215008e-24
4.5564145e+02 3.6228590e-24
4.5669216e+02 3.6242269e-24
4.5774529e+02 3.6256043e-24
4.5880086e+02 3.6269913e-24
4.5985886e+02 3.6283881e-24
4.6091930e+02 3.6297946e-24
4.6198218e+02 3.6312109e-24
4.6304751e+02 3.6326372e-24
4.6411530e+02 3.6340734e-24
4.6518556e+02 3.6355198e-24
4.6625828e+02 3.6369763e-24
4.6733347e+02 3.6384431e-24
4.6841115e+02 3.6399204e-24
4.6949131e+02 3.6414084e-24
4.7057396e+02 3.6429071e-24
4.7165911e+02 3.6444169e-24
4.7274676e+02 3.6459380e-24
4.7383691e+02 3.6474709e-24
4.7492958e+02 3.6490158e-24
4.7602478e+02 3.6505734e-24
4.7712249e+02 3.6521444e-24
4.7822274e+02 3.6537296e-24
4.7932553e+02 3.6553303e-24
4.8043085e+02 3.6569481e-24
4.8153873e+02 3.6585853e-24
4.8264916e+02 3.6602450e-24
4.8376216e+02 3.6619318e-24
4.8487772e+02 3.6636528e-24
4.8599585e+02 3.6654188e-24
4.8711656e+02 3.6672478e-24
4.8823985e+02 3.6691706e-24
4.8936574e+02 3.6712447e-24
4.9049422e+02 3.6735870e-24
4.9162530e+02 3.6764672e-24
4.9275899e+02 3.6806285e-24
4.9389530e+02 3.6888025e-24
4.9503423e+02 3.7185595e-24
4.9617578e+02 4.7010884e-24
4.9731996e+02 3.7816765e-24
4.9846679e+02 3.7022249e-24
4.9961626e+02 3.6926629e-24
5.0076837e+02 3.6908407e-24
5.0192315e+02 3.6910405e-24
5.0308059e+02 3.6919980e-24
5.0424070e+02 3.6933056e-24
5.0540348e+02 3.6948000e-24
5.0656894e+02 3.6964053e-24
5.0773710e+02 3.6980825e-24
5.0890794e+02 3.6998099e-24
5.1008149e+02 3.7015745e-24
5.1125774e+02 3.7033683e-24
5.1243670e+02 3.7051861e-24
5.1361839e+02 3.7070246e-24
5.1480279e+02 3.7088812e-24
5.1598993e+02 3.7107542e-24
5.1717981e+02 3.7126426e-24
5.1837243e+02 3.7145453e-24
5.1956780e+02 3.7164617e-24
5.2076593e+02 3.7183914e-24
5.2196682e+02 3.7203338e-24
5.2317048e+02 3.7222889e-24
5.2437691e+02 3.7242562e-24
5.2558613e+02 3.7262357e-24
5.2679814e+02 3.7282272e-24
5.2801294e+02 3.7302307e-24
5.2923054e+02 3.7322459e-24
5.3045095e+02 3.7342730e-24
5.3167417e+02 3.7363118e-24
5.3290022e+02 3.7383622e-24
5.3412909e+02 3.7404244e-24
5.3536079e+02 3.7424982e-24
5.3659534e+02 3.7445837e-24
5.3783273e+02 3.7466809e-24
5.3907298e+02 3.7487897e-24
5.4031609e+02 3.7509102e-24
5.4156206e+02 3.7530423e-24
5.4281090e+02 3.7551862e-24
5.4406263e+02 3.7573418e-24
5.4531724e+02 3.7595091e-24
5.4657475e+02 3.7616881e-24
5.4783515e+02 3.7638789e-24
5.4909847e+02 3.7660816e-24
5.5036469e+02 3.7682960e-24
5.5163384e+02 3.7705223e-24
5.5290591e+02 3.7727604e-24
5.5418091e+02 3.7750105e-24
5.5545886e+02 3.7772725e-24
5.5673975e+02 3.7795464e-24
5.5802360e+02 3.7818323e-24
5.5931040e+02 3.7841302e-24
5.6060018e+02 3.7864402e-24
5.6189293e+02 3.7887622e-24
5.6318866e+02 3.7910964e-24
5.6448737e+02 3.7934426e-24
5.6578909e+02 3.7958011e-24
5.6709380e+02 3.7981717e-24
5.6840152e+02 3.8005546e-24
5.6971226e+02 3.8029497e-24
5.7102602e+02 3.8053571e-24
5.7234281e+02 3.8077768e-24
5.7366264e+02 3.8102089e-24
5.7498551e+02 3.8126534e-24
5.7631143e+02 3.8151103e-24
5.7764041e+02 3.8175796e-24
5.7897245e+02 3.8200615e-24
5.8030757e+02 3.8225558e-24
5.8164576e+02 3.8250628e-24
5.8298704e+02 3.8275823e-24
5.8433141e+02 3.8301144e-24
5.8567889e+02 3.8326592e-24
5.8702947e+02 3.8352167e-24
5.8838316e+02 3.8377869e-24
5.8973998e+02 3.8403698e-24
5.9109992e+02 3.8429656e-24
5.9246300e+02 3.8455742e-24
5.9382923e+02 3.8481957e-24
5.9519860e+02 3.8508300e-24
5.9657113e+02 3.8534773e-24
5.9794683e+02 3.8561376e-24
5.9932570e+02 3.8588108e-24
6.0070775e+02 3.8614971e-24
6.0209299e+02 3.8641965e-24
6.0348142e+02 3.8669090e-24
6.0487305e+02 3.8696346e-24
6.0626789e+02 3.8723735e-24
6.0766595e+02 3.8751255e-24
6.0906723e+02 3.8778908e-24
6.1047175e+02 3.8806693e-24
6.1187950e+02 3.8834612e-24
6.1329050e+02 3.8862665e-24
6.1470475e+02 3.8890851e-24
6.1612226e+02 3.8919172e-24
6.1754305e+02 3.8947628e-24
6.1896711e+02 3.8976218e-24
6.2039445e+02 3.9004944e-24
6.2182508e+02 3.9033806e-24
6.2325902e+02 3.9062804e-24
6.2469626e+02 3.9091938e-24
6.2613681e+02 3.9121209e-24
6.2758069e+02 3.9150618e-24
6.2902789e+02 3.9180164e-24
6.3047844e+02 3.9209848e-24
6.3193232e+02 3.9239670e-24
6.3338957e+02 3.9269631e-24
6.3485017e+02 3.9299732e-24
6.3631414e+02 3.9329971e-24
6.3778148e+02 3.9360351e-24
6.3925221e+02 3.9390870e-24
6.4072633e+02 3.9421530e-24
6.4220385e+02 3.9452332e-24
6.4368478e+02 3.9483274e-24
6.4516912e+02 3.9514358e-24
6.4665688e+02 3.9545585e-24
6.4814808e+02 3.9576953e-24
6.4964271e+02 3.9608465e-24
6.5114080e+02 3.9640120e-24
6.5264233e+02 3.9671918e-24
6.5414733e+02 3.9703860e-24
6.5565580e+02 3.9735947e-24
6.5716775e+02 3.9768178e-24
6.5868318e+02 3.9800555e-24
6.6020211e+02 3.9833077e-24
6.6172454e+02 3.9865745e-24
6.6325048e+02 3.9898559e-24
6.6477994e+02 3.9931519e-24
6.6631293e+02 3.9964627e-24
6.6784945e+02 3.9997882e-24
6.6938952e+02 4.0031285e-24
6.7093314e+02 4.0064836e-24
6.7248031e+02 4.0098536e-24
6.7403106e+02 4.0132385e-24
6.7558538e+02 4.0166383e-24
6.7714328e+02 4.0200531e-24
6.7870478e+02 4.0234829e-24
6.8026988e+02 4.0269277e-24
6.8183859e+02 4.0303877e-24
6.8341091e+02 4.0338627e-24
6.8498686e+02 4.0373530e-24
6.8656645e+02 4.0408584e-24
6.8814967e+02 4.0443791e-24
6.8973655e+02 4.0479151e-24
6.9132709e+02 4.0514664e-24
6.9292130e+02 4.0550331e-24
6.9451918e+02 4.0586152e-24
6.9612074e+02 4.0622127e-24
6.9772600e+02 4.0658258e-24
6.9933497e+02 4.0694543e-24
7.0094764e+02 4.0730984e-24
7.0256403e+02 4.0767582e-24
7.0418415e+02 4.0804335e-24
7.0580800e+02 4.0841246e-24
7.0743560e+02 4.0878314e-24
7.0906695e+02 4.0915539e-24
7.1070206e+02 4.0952923e-24
7.1234095e+02 4.0990465e-24
7.1398361e+02 4.1028166e-24
7.1563006e+02 4.1066026e-24
7.1728031e+02 4.1104046e-24
7.1893437e+02 4.1142226e-24
7.2059223e+02 4.1180567e-24
7.2225393e+02 4.1219068e-24
7.2391945e+02 4.1257731e-24
7.2558881e+02 4.1296556e-24
7.2726203e+02 4.1335542e-24
7.2893910e+02 4.1374692e-24
7.3062004e+02 4.1414004e-24
7.3230485e+02 4.1453480e-24
7.3399355e+02 4.1493119e-24
7.3568615e+02 4.1532923e-24
7.3738265e+02 4.1572891e-24
7.3908306e+02 4.1613024e-24
7.4078739e+02 4.1653323e-24
7.4249565e+02 4.1693787e-24
7.4420785e+02 4.1734418e-24
7.4592400e+02 4.1775215e-24
7.4764410e+02 4.1816180e-24
7.4936818e+02 4.1857312e-24
7.5109623e+02 4.1898612e-24
7.5282826e+02 4.1940081e-24
7.5456429e+02 4.1981718e-24
7.5630432e+02 4.2023524e-24
7.5804836e+02 4.2065500e-24
7.5979643e+02 4.2107646e-24
7.6154852e+02 4.2149963e-24
7.6330466e+02 4.2192450e-24
7.6506485e+02 4.2235109e-24
7.6682909e+02 4.2277940e-24
7.6859741e+02 4.2320942e-24
7.7036980e+02 4.2364117e-24
7.7214628e+02 4.2407466e-24
7.7392685e+02 4.2450987e-24
7.7571153e+02 4.2494683e-24
7.7750033e+02 4.2538552e-24
7.7929325e+02 4.2582597e-24
7.8109031e+02 4.2626817e-24
7.8289151e+02 4.2671212e-24
7.8469686e+02 4.2715783e-24
7.8650638e+02 4.2760531e-24
7.8832007e+02 4.2805455e-24
7.9013794e+02 4.2850557e-24
7.9196000e+02 4.2895836e-24
7.9378627e+02 4.2941294e-24
7.9561675e+02 4.2986930e-24
7.9745144e+02 4.3032745e-24
7.9929037e+02 4.3078740e-24
8.0113354e+02 4.3124915e-24
8.0298096e+02 4.3171270e-24
8.0483264e+02 4.3217805e-24
8.0668859e+02 4.3264522e-24
8.0854882e+02 4.3311421e-24
8.1041334e+02 4.3358501e-24
8.1228216e+02 4.3405765e-24
8.1415529e+02 4.3453211e-24
8.1603274e+02 4.3500840e-24
8.1791452e+02 4.3548653e-24
8.1980064e+02 4.3596651e-24
8.2169110e+02 4.3644833e-24
8.2358593e+02 4.3693201e-24
8.2548512e+02 4.3741754e-24
8.2738870e+02 4.3790493e-24
8.2929666e+02 4.3839418e-24
8.3120903e+02 4.3888531e-24
8.3312580e+02 4.3937831e-24
8.3504700e+02 4.3987319e-24
8.3697262e+02 4.4036995e-24
8.3890269e+02 4.4086859e-24
8.4083720e+02 4.4136913e-24
8.4277618e+02 4.4187157e-24
8.4471963e+02 4.4237590e-24
8.4666756e+02 4.4288214e-24
8.4861998e+02 4.4339029e-24
8.5057690e+02 4.4390035e-24
8.5253834e+02 4.4441234e-24
8.5450430e+02 4.4492624e-24
8.5647479e+02 4.4544208e-24
8.5844983e+02 4.4595984e-24
8.6042942e+02 4.4647954e-24
8.6241358e+02 4.4700119e-24
8.6440231e+02 4.4752478e-24
8.6639563e+02 4.4805031e-24
8.6839354e+02 4.4857781e-24
8.7039607e+02 4.4910726e-24
8.7240321e+02 4.4963868e-24
8.7441498e+02 4.5017207e-24
8.7643138e+02 4.5070743e-24
8.7845244e+02 4.5124476e-24
8.8047816e+02 4.5178408e-24
8.8250855e+02 4.5232539e-24
8.8454362e+02 4.5286869e-24
8.8658338e+02 4.5341398e-24
8.8862785e+02 4.5396128e-24
8.9067703e+02 4.5451058e-24
8.9273094e+02 4.5506189e-24
8.9478959e+02 4.5561522e-24
8.9685298e+02 4.5617056e-24
8.9892113e+02 4.5672793e-24
9.0099405e+02 4.5728733e-24
9.0307175e+02 4.5784876e-24
9.0515424e+02 4.5841223e-24
9.0724153e+02 4.5897775e-24
9.0933364e+02 4.5954531e-24
9.1143057e+02 4.6011492e-24
9.1353233e+02 4.6068659e-24
9.1563894e+02 4.6126032e-24
9.1775041e+02 4.6183612e-24
9.1986675e+02 4.6241399e-24
9.2198797e+02 4.6299393e-24
9.2411408e+02 4.6357596e-24
9.2624510e+02 4.6416007e-24
9.2838103e+02 4.6474627e-24
9.3052188e+02 4.6533457e-24
9.3266767e+02 4.6592497e-24
9.3481841e+02 4.6651748e-24
9.3697411e+02 4.6711209e-24
9.3913478e+02 4.6770882e-24
9.4130043e+02 4.6830767e-24
9.4347108e+02 4.6890865e-24
9.4564673e+02 4.6951176e-24
9.4782740e+02 4.7011701e-24
9.5001309e+02 4.7072439e-24
9.5220383e+02 4.7133393e-24
9.5439962e+02 4.7194562e-24
9.5660047e+02 4.7255948e-24
9.5880640e+02 4.7317550e-24
9.6101742e+02 4.7379371e-24
9.6323353e+02 4.7441410e-24
9.6545475e+02 4.7503669e-24
9.6768110e+02 4.7566151e-24
9.6991258e+02 4.7628856e-24
9.7214920e+02 4.7691788e-24
9.7439099e+02 4.7754952e-24
9.7663794e+02 4.7818357e-24
9.7889008e+02 4.7882016e-24
9.8114740e+02 4.7945961e-24
9.8340994e+02 4.8010260e-24
9.8567769e+02 4.8075106e-24
9.8795067e+02 4.8141232e-24
9.9022889e+02 4.8213684e-24
9.9251237e+02 4.8866995e-24
9.9480111e+02 4.8352780e-24
9.9709513e+02 4.8402209e-24
9.9939443e+02 4.8465335e-24
1.0016990e+03 4.8530324e-24
1.0040090e+03 4.8595979e-24
1.0063242e+03 4.8662026e-24
1.0086448e+03 4.8728377e-24
1.0109708e+03 4.8794994e-24
1.0133021e+03 4.8861862e-24
1.0156387e+03 4.8928971e-24
1.0179808e+03 4.8996319e-24
1.0203283e+03 4.9063901e-24
1.0226812e+03 4.9131716e-24
1.0250395e+03 4.9199765e-24
1.0274032e+03 4.9268046e-24
1.0297724e+03 4.9336560e-24
1.0321471e+03 4.9405307e-24
1.0345272e+03 4.9474286e-24
1.0369129e+03 4.9543499e-24
1.0393040e+03 4.9612945e-24
1.0417006e+03 4.9682625e-24
1.0441028e+03 4.9752540e-24
1.0465105e+03 4.9822689e-24
1.0489238e+03 4.9893073e-24
1.0513426e+03 4.9963693e-24
1.0537670e+03 5.0034549e-24
1.0561970e+03 5.0105642e-24
1.0586326e+03 5.0176972e-24
1.0610738e+03 5.0248540e-24
1.0635207e+03 5.0320345e-24
1.0659731e+03 5.0392389e-24
1.0684313e+03 5.0464672e-24
1.0708951e+03 5.0537195e-24
1.0733646e+03 5.0609958e-24
1.0758398e+03 5.0682962e-24
1.0783207e+03 5.0756206e-24
1.0808073e+03 5.0829692e-24
1.0832996e+03 5.0903420e-24
1.0857977e+03 5.0977391e-24
1.0883016e+03 5.1051605e-24
1.0908112e+03 5.1126063e-24
1.0933266e+03 5.1200765e-24
1.0958479e+03 5.1275712e-24
1.0983749e+03 5.1350903e-24
1.1009078e+03 5.1426341e-24
1.1034465e+03 5.1502025e-24
1.1059910e+03 5.1577955e-24
1.1085414e+03 5.1654133e-24
1.1110977e+03 5.1730559e-24
1.1136599e+03 5.1807233e-24
1.1162281e+03 5.1884155e-24
1.1188021e+03 5.1961328e-24
1.1213820e+03 5.2038750e-24
1.1239680e+03 5.2116422e-24
1.1265598e+03 5.2194346e-24
1.1291577e+03 5.2272521e-24
1.1317615e+03 5.2350948e-24
1.1343714e+03 5.2429628e-24
1.1369873e+03 5.2508560e-24
1.1396092e+03 5.2587747e-24
1.1422371e+03 5.2667187e-24
1.1448711e+03 5.2746883e-24
1.1475112e+03 5.2826833e-24
1.1501574e+03 5.2907039e-24
1.1528096e+03 5.2987502e-24
1.1554680e+03 5.3068221e-24
1.1581325e+03 5.3149198e-24
1.1608032e+03 5.3230432e-24
1.1634800e+03 5.3311925e-24
1.1661630e+03 5.3393677e-24
1.1688522e+03 5.3475689e-24
1.1715476e+03 5.3557960e-24
1.1742492e+03 5.3640493e-24
1.1769570e+03 5.3723286e-24
1.1796711e+03 5.3806341e-24
1.1823914e+03 5.3889658e-24
1.1851180e+03 5.3973238e-24
1.1878509e+03 5.4057082e-24
1.1905901e+03 5.4141189e-24
1.1933356e+03 5.4225561e-24
1.1960875e+03 5.4310197e-24
1.1988456e+03 5.4395100e-24
1.2016102e+03 5.4480268e-24
1.2043811e+03 5.4565703e-24
1.2071584e+03 5.4651405e-24
1.2099421e+03 5.4737375e-24
1.2127323e+03 5.4823613e-24
1.2155288e+03 5.4910120e-24
1.2183319e+03 5.4996896e-24
1.2211413e+03 5.5083942e-24
1.2239573e+03 5.5171259e-24
1.2267798e+03 5.5258847e-24
1.2296087e+03 5.5346706e-24
1.2324442e+03 5.5434838e-24
1.2352862e+03 5.5523242e-24
1.2381348e+03 5.5611920e-24
1.2409900e+03 5.5700871e-24
1.2438517e+03 5.5790097e-24
1.2467200e+03 5.5879598e-24
1.2495950e+03 5.5969375e-24
1.2524766e+03 5.6059427e-24
1.2553648e+03 5.6149756e-24
1.2582597e+03 5.6240363e-24
1.2611612e+03 5.6331247e-24
1.2640695e+03 5.6422410e-24
1.2669844e+03 5.6513852e-24
1.2699061e+03 5.6605573e-24
1.2728345e+03 5.6697574e-24
1.2757697e+03 5.6789856e-24
1.2787116e+03 5.6882419e-24
1.2816603e+03 5.6975264e-24
1.2846158e+03 5.7068392e-24
1.2875782e+03 5.7161802e-24
1.2905473e+03 5.7255496e-24
1.2935233e+03 5.7349474e-24
1.2965062e+03 5.7443737e-24
1.2994960e+03 5.7538285e-24
1.3024926e+03 5.7633118e-24
1.3054962e+03 5.7728239e-24
1.3085067e+03 5.7823646e-24
1.3115241e+03 5.7919341e-24
1.3145485e+03 5.8015324e-24
1.3175798e+03 5.8111596e-24
1.3206182e+03 5.8208157e-24
1.3236635e+03 5.8305008e-24
1.3267159e+03 5.8402150e-24
1.3297753e+03 5.8499583e-24
1.3328418e+03 5.8597307e-24
1.3359154e+03 5.8695324e-24
1.3389960e+03 5.8793633e-24
1.3420837e+03 5.8892237e-24
1.3451786e+03 5.8991134e-24
1.3482806e+03 5.9090326e-24
1.3513897e+03 5.9189813e-24
1.3545060e+03 5.9289596e-24
1.3576295e+03 5.9389675e-24
1.3607602e+03 5.9490052e-24
1.3638982e+03 5.9590726e-24
1.3670433e+03 5.9691698e-24
1.3701957e+03 5.9792970e-24
1.3733554e+03 5.9894540e-24
1.3765224e+03 5.9996411e-24
1.3796966e+03 6.0098583e-24
1.3828782e+03 6.0201055e-24
1.3860672e+03 6.0303830e-24
1.3892634e+03 6.0406907e-24
1.3924671e+03 6.0510287e-24
1.3956781e+03 6.0613971e-24
1.3988966e+03 6.0717959e-24
1.4021224e+03 6.0822252e-24
1.4053558e+03 6.0926851e-24
1.4085965e+03 6.1031755e-24
1.4118448e+03 6.1136967e-24
1.4151005e+03 6.1242486e-24
1.4183637e+03 6.1348313e-24
1.4216345e+03 6.1454448e-24
1.4249128e+03 6.1560893e-24
1.4281986e+03 6.1667648e-24
1.4314921e+03 6.1774713e-24
1.4347931e+03 6.1882090e-24
1.4381017e+03 6.1989778e-24
1.4414180e+03 6.2097779e-24
1.4447419e+03 6.2206093e-24
1.4480735e+03 6.2314720e-24
1.4514128e+03 6.2423663e-24
1.4547598e+03 6.2532920e-24
1.4581144e+03 6.2642495e-24
1.4614769e+03 6.2752386e-24
1.4648470e+03 6.2862596e-24
1.4682250e+03 6.2973127e-24
1.4716107e+03 6.3083982e-24
1.4750043e+03 6.3195169e-24
1.4784056e+03 6.3306706e-24
1.4818149e+03 6.3418665e-24
1.4852319e+03 6.3531515e-24
1.4886569e+03 6.3685921e-24
1.4920897e+03 6.3757811e-24
1.4955305e+03 6.3869180e-24
1.4989792e+03 6.3982334e-24
1.5024359e+03 6.4095982e-24
1.5059005e+03 6.4209999e-24
1.5093731e+03 6.4324358e-24
1.5128538e+03 6.4439051e-24
1.5163424e+03 6.4554074e-24
1.5198391e+03 6.4669426e-24
1.5233439e+03 6.4785108e-24
1.5268567e+03 6.4901118e-24
1.5303776e+03 6.5017458e-24
1.5339067e+03 6.5134128e-24
1.5374439e+03 6.5251128e-24
1.5409893e+03 6.5368459e-24
1.5445428e+03 6.5486122e-24
1.5481045e+03 6.5604118e-24
1.5516745e+03 6.5722446e-24
1.5552526e+03 6.5841108e-24
1.5588391e+03 6.5960103e-24
1.5624338e+03 6.6079434e-24
1.5660367e+03 6.6199100e-24
1.5696480e+03 6.6319103e-24
1.5732677e+03 6.6439442e-24
1.5768956e+03 6.6560118e-24
1.5805320e+03 6.6681133e-24
1.5841767e+03 6.6802486e-24
1.5878298e+03 6.6924179e-24
1.5914913e+03 6.7046212e-24
1.5951613e+03 6.7168586e-24
1.5988398e+03 6.7291301e-24
1.6025267e+03 6.7414359e-24
1.6062222e+03 6.7537759e-24
1.6099261e+03 6.7661503e-24
1.6136386e+03 6.7785590e-24
1.6173597e+03 6.7910023e-24
1.6210893e+03 6.8034801e-24
1.6248276e+03 6.8159925e-24
1.6285744e+03 6.8285396e-24
1.6323300e+03 6.8411215e-24
1.6360941e+03 6.8537382e-24
1.6398670e+03 6.8663898e-24
1.6436485e+03 6.8790763e-24
1.6474388e+03 6.8917979e-24
1.6512378e+03 6.9045546e-24
1.6550456e+03 6.9173464e-24
1.6588621e+03 6.9301735e-24
1.6626874e+03 6.9430359e-24
1.6665216e+03 6.9559336e-24
1.6703646e+03 6.9688668e-24
1.6742165e+03 6.9818355e-24
1.6780773e+03 6.9948398e-24
1.6819469e+03 7.0078798e-24
1.6858255e+03 7.0209554e-24
1.6897130e+03 7.0340669e-24
1.6936095e+03 7.0472142e-24
1.6975150e+03 7.0603975e-24
1.7014295e+03 7.0736168e-24
1.7053530e+03 7.0868721e-24
1.7092855e+03 7.1001636e-24
1.7132272e+03 7.1134913e-24
1.7171779e+03 7.1268553e-24
1.7211377e+03 7.1402556e-24
1.7251067e+03 7.1536924e-24
1.7290848e+03 7.1671657e-24
1.7330721e+03 7.1806755e-24
1.7370685e+03 7.1942220e-24
1.7410742e+03 7.2078052e-24
1.7450892e+03 7.2214252e-24
1.7491133e+03 7.2350821e-24
1.7531468e+03 7.2487759e-24
1.7571896e+03 7.2625067e-24
1.7612417e+03 7.2762746e-24
1.7653031e+03 7.2900796e-24
1.7693739e+03 7.3039218e-24
1.7734541e+03 7.3178014e-24
1.7775437e+03 7.3317183e-24
1.7816427e+03 7.3456726e-24
1.7857512e+03 7.3596645e-24
1.7898692e+03 7.3736939e-24
1.7939966e+03 7.3877610e-24
1.7981336e+03 7.4018658e-24
1.8022801e+03 7.4160085e-24
1.8064362e+03 7.4301890e-24
1.8106018e+03 7.4444075e-24
1.8147771e+03 7.4586640e-24
1.8189620e+03 7.4729586e-24
1.8231565e+03 7.4872914e-24
1.8273607e+03 7.5016625e-24
1.8315746e+03 7.5160718e-24
1.8357983e+03 7.5305196e-24
1.8400316e+03 7.5450059e-24
1.8442748e+03 7.5595307e-24
1.8485277e+03 7.5740941e-24
1.8527904e+03 7.5886962e-24
1.8570629e+03 7.6033371e-24
1.8613453e+03 7.6180169e-24
1.8656376e+03 7.6327356e-24
1.8699398e+03 7.6474933e-24
1.8742519e+03 7.6622900e-24
1.8785739e+03 7.6771260e-24
1.8829059e+03 7.6920011e-24
1.8872479e+03 7.7069156e-24
1.8915999e+03 7.7218695e-24
1.8959620e+03 7.7368628e-24
1.9003341e+03 7.7518957e-24
1.9047163e+03 7.7669681e-24
1.9091086e+03 7.7820803e-24
1.9135110e+03 7.7972323e-24
1.9179235e+03 7.8124240e-24
1.9223463e+03 7.8276558e-24
1.9267792e+03 7.8429275e-24
1.9312224e+03 7.8582393e-24
1.9356758e+03 7.8735913e-24
1.9401395e+03 7.8889835e-24
1.9446135e+03 7.9044161e-24
1.9490978e+03 7.9198890e-24
1.9535924e+03 7.9354025e-24
1.9580974e+03 7.9509566e-24
1.9626128e+03 7.9665515e-24
1.9671386e+03 7.9821873e-24
1.9716748e+03 7.9978646e-24
1.9762215e+03 8.0135849e-24
1.9807787e+03 8.0293600e-24
1.9853464e+03 8.0500084e-24
1.9899246e+03 8.0610063e-24
1.9945134e+03 8.0768634e-24
1.9991128e+03 8.0927818e-24
2.0037227e+03 8.1087441e-24
2.0083433e+03 8.1247487e-24
2.0129746e+03 8.1407950e-24
2.0176165e+03 8.1568831e-24
2.0222692e+03 8.1730128e-24
2.0269325e+03 8.1891844e-24
2.0316067e+03 8.2053978e-24
2.0362916e+03 8.2216532e-24
2.0409873e+03 8.2379505e-24
2.0456938e+03 8.2542899e-24
2.0504112e+03 8.2706715e-24
2.0551394e+03 8.2870953e-24
2.0598786e+03 8.3035614e-24
2.0646287e+03 8.3200699e-24
2.0693898e+03 8.3366209e-24
2.0741618e+03 8.3532145e-24
2.0789448e+03 8.3698507e-24
2.0837389e+03 8.3865296e-24
2.0885440e+03 8.4032513e-24
2.0933602e+03 8.4200159e-24
2.0981875e+03 8.4368235e-24
2.1030259e+03 8.4536742e-24
2.1078755e+03 8.4705679e-24
2.1127363e+03 8.4875049e-24
2.1176083e+03 8.5044852e-24
2.1224915e+03 8.5215089e-24
2.1273860e+03 8.5385761e-24
2.1322918e+03 8.5556868e-24
2.1372088e+03 8.5728411e-24
2.1421373e+03 8.5900392e-24
2.1470771e+03 8.6072811e-24
2.1520282e+03 8.6245668e-24
2.1569908e+03 8.6418966e-24
2.1619649e+03 8.6592704e-24
2.1669504e+03 8.6766883e-24
2.1719474e+03 8.6941505e-24
2.1769559e+03 8.7116570e-24
2.1819760e+03 8.7292079e-24
2.1870076e+03 8.7468032e-24
2.1920509e+03 8.7644432e-24
2.1971058e+03 8.7821278e-24
2.2021723e+03 8.7998571e-24
2.2072505e+03 8.8176313e-24
2.2123405e+03 8.8354504e-24
2.2174421e+03 8.8533145e-24
2.2225556e+03 8.8712237e-24
2.2276808e+03 8.8891780e-24
2.2328179e+03 8.9071776e-24
2.2379668e+03 8.9252226e-24
2.2431275e+03 8.9433130e-24
2.2483002e+03 8.9614489e-24
2.2534848e+03 8.9796304e-24
2.2586814e+03 8.9978576e-24
2.2638899e+03 9.0161306e-24
2.2691104e+03 9.0344495e-24
2.2743430e+03 9.0528143e-24
2.2795877e+03 9.0712252e-24
2.2848444e+03 9.0896822e-24
2.2901133e+03 9.1081854e-24
2.2953943e+03 9.1267349e-24
2.3006875e+03 9.1453309e-24
2.3059929e+03 9.1639733e-24
2.3113105e+03 9.1826623e-24
2.3166404e+03 9.2013980e-24
2.3219826e+03 9.2201804e-24
2.3273371e+03 9.2390097e-24
2.3327040e+03 9.2578859e-24
2.3380832e+03 9.2768091e-24
2.3434749e+03 9.2957795e-24
2.3488789e+03 9.3147970e-24
2.3542955e+03 9.3338619e-24
2.3597245e+03 9.3529741e-24
2.3651660e+03 9.3721338e-24
2.3706201e+03 9.3913411e-24
2.3760868e+03 9.4105960e-24
2.3815661e+03 9.4298987e-24
2.3870580e+03 9.4492492e-24
2.3925626e+03 9.4686476e-24
2.3980798e+03 9.4880941e-24
2.4036098e+03 9.5075886e-24
2.4091526e+03 9.5271314e-24
2.4147081e+03 9.5467225e-24
2.4202764e+03 9.5663619e-24
2.4258576e+03 9.5860499e-24
2.4314516e+03 9.6057864e-24
2.4370586e+03 9.6255716e-24
2.4426785e+03 9.6454055e-24
2.4483113e+03 9.6652883e-24
2.4539571e+03 9.6852201e-24
2.4596160e+03 9.7052010e-24
2.4652879e+03 9.7252312e-24
2.4709728e+03 9.7453114e-24
2.4766709e+03 9.7654460e-24
2.4823821e+03 9.7879785e-24
2.4881065e+03 9.8058493e-24
2.4938441e+03 9.8261214e-24
2.4995949e+03 9.8464470e-24
2.5053590e+03 9.8668230e-24
2.5111364e+03 9.8872491e-24
2.5169271e+03 9.9077251e-24
2.5227312e+03 9.9282513e-24
2.5285486e+03 9.9488277e-24
2.5343794e+03 9.9694543e-24
2.5402237e+03 9.9901313e-24
2.5460815e+03 1.0010859e-23
2.5519528e+03 1.0031637e-23
2.5578376e+03 1.0052465e-23
2.5637360e+03 1.0073345e-23
2.5696480e+03 1.0094275e-23
2.5755736e+03 1.0115256e-23
2.5815129e+03 1.0136288e-23
2.5874659e+03 1.0157371e-23
2.5934326e+03 1.0178505e-23
2.5994131e+03 1.0199691e-23
2.6054074e+03 1.0220928e-23
2.6114155e+03 1.0242217e-23
2.6174374e+03 1.0263557e-23
2.6234732e+03 1.0284949e-23
2.6295230e+03 1.0306392e-23
2.6355867e+03 1.0327888e-23
2.6416644e+03 1.0349435e-23
2.6477561e+03 1.0371035e-23
2.6538618e+03 1.0392687e-23
2.6599816e+03 1.0414391e-23
2.6661156e+03 1.0436147e-23
2.6722637e+03 1.0457956e-23
2.6784259e+03 1.0479817e-23
2.6846024e+03 1.0501731e-23
2.6907931e+03 1.0523698e-23
2.6969981e+03 1.0545718e-23
2.7032174e+03 1.0567790e-23
2.7094510e+03 1.0589916e-23
2.7156991e+03 1.0612095e-23
2.7219615e+03 1.0634327e-23
2.7282383e+03 1.0656612e-23
2.7345297e+03 1.0678951e-23
2.7408355e+03 1.0701344e-23
2.7471559e+03 1.0723790e-23
2.7534909e+03 1.0746290e-23
2.7598405e+03 1.0768843e-23
2.7662047e+03 1.0791451e-23
2.7725836e+03 1.0814113e-23
2.7789772e+03 1.0836829e-23
2.7853855e+03 1.0859599e-23
2.7918086e+03 1.0882423e-23
2.7982465e+03 1.0905302e-23
2.8046993e+03 1.0928235e-23
2.8111670e+03 1.0951223e-23
2.8176496e+03 1.0974266e-23
2.8241471e+03 1.0997364e-23
2.8306596e+03 1.1020517e-23
2.8371871e+03 1.1043724e-23
2.8437297e+03 1.1066987e-23
2.8502873e+03 1.1090305e-23
2.8568601e+03 1.1113679e-23
2.8634481e+03 1.1137108e-23
2.8700512e+03 1.1160592e-23
2.8766696e+03 1.1184132e-23
2.8833032e+03 1.1207728e-23
2.8899521e+03 1.1231380e-23
2.8966164e+03 1.1255088e-23
2.9032960e+03 1.1278852e-23
2.9099910e+03 1.1302672e-23
2.9167015e+03 1.1326548e-23
2.9234274e+03 1.1350481e-23
2.9301688e+03 1.1374470e-23
2.9369258e+03 1.1398516e-23
2.9436984e+03 1.1422618e-23
2.9504866e+03 1.1446777e-23
2.9572904e+03 1.1470994e-23
2.9641100e+03 1.1495267e-23
2.9709452e+03 1.1519599e-23
2.9777963e+03 1.1544284e-23
2.9846631e+03 1.1568432e-23
2.9915457e+03 1.1592932e-23
2.9984443e+03 1.1617491e-23
3.0053587e+03 1.1642108e-23
3.0122891e+03 1.1666783e-23
3.0192354e+03 1.1691516e-23
3.0261978e+03 1.1716307e-23
3.0331763e+03 1.1741156e-23
3.0401708e+03 1.1766063e-23
3.0471814e+03 1.1791028e-23
3.0542083e+03 1.1816051e-23
3.0612513e+03 1.1841133e-23
3.0683106e+03 1.1866274e-23
3.0753861e+03 1.1891473e-23
3.0824780e+03 1.1916731e-23
3.0895862e+03 1.1942048e-23
3.0967108e+03 1.1967424e-23
3.1038518e+03 1.1992859e-23
3.1110093e+03 1.2018354e-23
3.1181833e+03 1.2043907e-23
3.1253739e+03 1.2069520e-23
3.1325810e+03 1.2095193e-23
3.1398048e+03 1.2120925e-23
3.1470452e+03 1.2146717e-23
3.1543023e+03 1.2172568e-23
3.1615762e+03 1.2198480e-23
3.1688668e+03 1.2224452e-23
3.1761742e+03 1.2250483e-23
3.1834985e+03 1.2276575e-23
3.1908397e+03 1.2302728e-23
3.1981978e+03 1.2328941e-23
3.2055728e+03 1.2355214e-23
3.2129649e+03 1.2381548e-23
3.2203740e+03 1.2407943e-23
3.2278002e+03 1.2434399e-23
3.2352436e+03 1.2460916e-23
3.2427041e+03 1.2487494e-23
3.2501818e+03 1.2514134e-23
3.2576767e+03 1.2540834e-23
3.2651889e+03 1.2567596e-23
3.2727185e+03 1.2594420e-23
3.2802654e+03 1.2621305e-23
3.2878297e+03 1.2648252e-23
3.2954115e+03 1.2675261e-23
3.3030107e+03 1.2702332e-23
3.3106275e+03 1.2729465e-23
3.3182618e+03 1.2756660e-23
3.3259138e+03 1.2783917e-23
3.3335833e+03 1.2811237e-23
3.3412706e+03 1.2838620e-23
3.3489756e+03 1.2866065e-23
3.3566984e+03 1.2893572e-23
3.3644389e+03 1.2921143e-23
3.3721974e+03 1.2948777e-23
3.3799737e+03 1.2976473e-23
3.3877679e+03 1.3004233e-23
3.3955801e+03 1.3032056e-23
3.4034104e+03 1.3059943e-23
3.4112587e+03 1.3087893e-23
3.4191251e+03 1.3115906e-23
3.4270096e+03 1.3143984e-23
3.4349123e+03 1.3172125e-23
3.4428332e+03 1.3200330e-23
3.4507724e+03 1.3228599e-23
3.4587299e+03 1.3256932e-23
3.4667058e+03 1.3285331e-23
3.4747000e+03 1.3365279e-23
3.4827127e+03 1.3342319e-23
3.4907439e+03 1.3370909e-23
3.4987936e+03 1.3399565e-23
3.5068618e+03 1.3428285e-23
3.5149487e+03 1.3457071e-23
3.5230542e+03 1.3485921e-23
3.5311784e+03 1.3514837e-23
3.5393213e+03 1.3543818e-23
3.5474830e+03 1.3572864e-23
3.5556635e+03 1.3601976e-23
3.5638629e+03 1.3631153e-23
3.5720812e+03 1.3660396e-23
3.5803184e+03 1.3689705e-23
3.5885747e+03 1.3719080e-23
3.5968500e+03 1.3748520e-23
3.6051443e+03 1.3778027e-23
3.6134578e+03 1.3807600e-23
3.6217905e+03 1.3837240e-23
3.6301424e+03 1.3866946e-23
3.6385135e+03 1.3896718e-23
3.6469039e+03 1.3926557e-23
3.6553137e+03 1.3956463e-23
3.6637429e+03 1.3986436e-23
3.6721915e+03 1.4016476e-23
3.6806596e+03 1.4046583e-23
3.6891472e+03 1.4076757e-23
3.6976544e+03 1.4106999e-23
3.7061813e+03 1.4137308e-23
3.7147277e+03 1.4167684e-23
3.7232939e+03 1.4198129e-23
3.7318799e+03 1.4228641e-23
3.7404856e+03 1.4259221e-23
3.7491112e+03 1.4289869e-23
3.7577567e+03 1.4320585e-23
3.7664221e+03 1.4351369e-23
3.7751075e+03 1.4382222e-23
3.7838129e+03 1.4413143e-23
3.7925384e+03 1.4444132e-23
3.8012841e+03 1.4475191e-23
3.8100498e+03 1.4506318e-23
3.8188359e+03 1.4537514e-23
3.8276421e+03 1.4568779e-23
3.8364687e+03 1.4600113e-23
3.8453156e+03 1.4631516e-23
3.8541829e+03 1.4662989e-23
3.8630707e+03 1.4694531e-23
3.8719790e+03 1.4726142e-23
3.8809078e+03 1.4757824e-23
3.8898572e+03 1.4789575e-23
3.8988272e+03 1.4821396e-23
3.9078180e+03 1.4853286e-23
3.9168294e+03 1.4885247e-23
3.9258617e+03 1.4917279e-23
3.9349147e+03 1.4949380e-23
3.9439887e+03 1.4981552e-23
3.9530835e+03 1.5013795e-23
3.9621994e+03 1.5046108e-23
3.9713362e+03 1.5078848e-23
3.9804942e+03 1.5110947e-23
3.9896732e+03 1.5143472e-23
3.9988734e+03 1.5176069e-23
4.0080949e+03 1.5208737e-23
4.0173376e+03 1.5241476e-23
4.0266016e+03 1.5274287e-23
4.0358870e+03 1.5307169e-23
4.0451937e+03 1.5340123e-23
4.0545220e+03 1.5373148e-23
4.0638718e+03 1.5406245e-23
4.0732431e+03 1.5439415e-23
4.0826360e+03 1.5472656e-23
4.0920506e+03 1.5505970e-23
4.1014869e+03 1.5539356e-23
4.1109450e+03 1.5572814e-23
4.1204248e+03 1.5606345e-23
4.1299266e+03 1.5639948e-23
4.1394502e+03 1.5673624e-23
4.1489958e+03 1.5707373e-23
4.1585634e+03 1.5741195e-23
4.1681531e+03 1.5775090e-23
4.1777649e+03 1.5809058e-23
4.1873988e+03 1.5843099e-23
4.1970550e+03 1.5877214e-23
4.2067335e+03 1.5911402e-23
4.2164342e+03 1.5945663e-23
4.2261574e+03 1.5979999e-23
4.2359029e+03 1.6014408e-23
4.2456709e+03 1.6048891e-23
4.2554615e+03 1.6083448e-23
4.2652746e+03 1.6118079e-23
4.2751104e+03 1.6152784e-23
4.2849688e+03 1.6187564e-23
4.2948500e+03 1.6222418e-23
4.3047539e+03 1.6257347e-23
4.3146807e+03 1.6292350e-23
4.3246304e+03 1.6327428e-23
4.3346030e+03 1.6362581e-23
4.3445987e+03 1.6397809e-23
4.3546173e+03 1.6433111e-23
4.3646591e+03 1.6468489e-23
4.3747241e+03 1.6503943e-23
4.3848122e+03 1.6539471e-23
4.3949236e+03 1.6575076e-23
4.4050583e+03 1.6610755e-23
4.4152164e+03 1.6646511e-23
4.4253980e+03 1.6682342e-23
4.4356030e+03 1.6718249e-23
4.4458315e+03 1.6754232e-23
4.4560836e+03 1.6790291e-23
4.4663594e+03 1.6826456e-23
4.4766588e+03 1.6862639e-23
4.4869821e+03 1.6898927e-23
4.4973291e+03 1.6935291e-23
4.5076999e+03 1.6971732e-23
4.5180947e+03 1.7008250e-23
4.5285135e+03 1.7044845e-23
4.5389563e+03 1.7081517e-23
4.5494231e+03 1.7118266e-23
4.5599142e+03 1.7155092e-23
4.5704294e+03 1.7191995e-23
4.5809688e+03 1.7228975e-23
4.5915325e+03 1.7266033e-23
4.6021207e+03 1.7303168e-23
4.6127332e+03 1.7340381e-23
4.6233702e+03 1.7377672e-23
4.6340317e+03 1.7415040e-23
4.6447178e+03 1.7452487e-23
4.6554286e+03 1.7490011e-23
4.6661640e+03 1.7527614e-23
4.6769242e+03 1.7565295e-23
4.6877093e+03 1.7603054e-23
4.6985192e+03 1.7640892e-23
4.7093540e+03 1.7678808e-23
4.7202138e+03 1.7716802e-23
4.7310986e+03 1.7754876e-23
4.7420086e+03 1.7793028e-23
4.7529437e+03 1.7831259e-23
4.7639040e+03 1.7869569e-23
4.7748896e+03 1.7907958e-23
4.7859005e+03 1.7946427e-23
4.7969369e+03 1.7984974e-23
4.8079986e+03 1.8023601e-23
4.8190859e+03 1.8062308e-23
4.8301988e+03 1.8101094e-23
4.8413372e+03 1.8139960e-23
4.8525014e+03 1.8178905e-23
4.8636913e+03 1.8217930e-23
4.8749070e+03 1.8257036e-23
4.8861486e+03 1.8296221e-23
4.8974161e+03 1.8335486e-23
4.9087096e+03 1.8374832e-23
4.9200291e+03 1.8414258e-23
4.9313747e+03 1.8453764e-23
4.9427465e+03 1.8493351e-23
4.9541445e+03 1.8533018e-23
4.9655688e+03 1.8572770e-23
4.9770194e+03 1.8612595e-23
4.9884965e+03 1.8652505e-23
5.0000000e+03 1.8692495e-23
