5.0000000e+00 1.1679802e-22
5.0115300e+00 1.1355206e-22
5.0230867e+00 1.1040636e-22
5.0346699e+00 1.0735739e-22
5.0462799e+00 1.0440176e-22
5.0579167e+00 1.0153622e-22
5.0695803e+00 9.8757660e-23
5.0812708e+00 9.6063084e-23
5.0929882e+00 9.3449619e-23
5.1047327e+00 9.0914507e-23
5.1165042e+00 8.8455098e-23
5.1283029e+00 8.6068843e-23
5.1401288e+00 8.3753296e-23
5.1519820e+00 8.1506102e-23
5.1638625e+00 7.9324997e-23
5.1757704e+00 7.7207804e-23
5.1877058e+00 7.5152426e-23
5.1996687e+00 7.3156849e-23
5.2116592e+00 7.1219129e-23
5.2236773e+00 6.9337398e-23
5.2357231e+00 6.7509855e-23
5.2477968e+00 6.5734766e-23
5.2598982e+00 6.4010459e-23
5.2720276e+00 6.2335323e-23
5.2841849e+00 6.0707807e-23
5.2963703e+00 5.9126411e-23
5.3085838e+00 5.7589694e-23
5.3208254e+00 5.6096262e-23
5.3330953e+00 5.4644771e-23
5.3453934e+00 5.3233925e-23
5.3577199e+00 5.1862472e-23
5.3700749e+00 5.0529206e-23
5.3824583e+00 4.9232958e-23
5.3948703e+00 4.7972603e-23
5.4073109e+00 4.6747054e-23
5.4197802e+00 4.5555259e-23
5.4322783e+00 4.4396202e-23
5.4448051e+00 4.3268903e-23
5.4573609e+00 4.2172414e-23
5.4699456e+00 4.1105818e-23
5.4825594e+00 4.0068227e-23
5.4952022e+00 3.9058786e-23
5.5078742e+00 3.8076666e-23
5.5205754e+00 3.7121064e-23
5.5333058e+00 3.6191206e-23
5.5460657e+00 3.5286340e-23
5.5588550e+00 3.4405740e-23
5.5716737e+00 3.3548704e-23
5.5845220e+00 3.2714551e-23
5.5974000e+00 3.1902623e-23
5.6103076e+00 3.1112282e-23
5.6232451e+00 3.0342910e-23
5.6362123e+00 2.9593910e-23
5.6492094e+00 2.8864702e-23
5.6622366e+00 2.8154725e-23
5.6752937e+00 2.7463435e-23
5.6883810e+00 2.6790305e-23
5.7014985e+00 2.6134825e-23
5.7146461e+00 2.5496501e-23
5.7278242e+00 2.4874852e-23
5.7410326e+00 2.4269414e-23
5.7542714e+00 2.3679736e-23
5.7675408e+00 2.3105381e-23
5.7808408e+00 2.2545925e-23
5.7941715e+00 2.2000958e-23
5.8075329e+00 2.1470080e-23
5.8209251e+00 2.0952904e-23
5.8343482e+00 2.0449057e-23
5.8478023e+00 1.9958173e-23
5.8612873e+00 1.9479899e-23
5.8748035e+00 1.9013894e-23
5.8883508e+00 1.8559824e-23
5.9019294e+00 1.8117366e-23
5.9155393e+00 1.7686207e-23
5.9291806e+00 1.7266044e-23
5.9428533e+00 1.6856580e-23
5.9565576e+00 1.6457529e-23
5.9702935e+00 1.6068612e-23
5.9840610e+00 1.5689560e-23
5.9978603e+00 1.5320110e-23
6.0116914e+00 1.4960006e-23
6.0255544e+00 1.4609001e-23
6.0394494e+00 1.4266854e-23
6.0533764e+00 1.3933332e-23
6.0673355e+00 1.3608207e-23
6.0813269e+00 1.3291259e-23
6.0953505e+00 1.2982273e-23
6.1094064e+00 1.2681042e-23
6.1234947e+00 1.2387362e-23
6.1376155e+00 1.2101036e-23
6.1517689e+00 1.1821874e-23
6.1659550e+00 1.1549690e-23
6.1801737e+00 1.1284302e-23
6.1944252e+00 1.1025535e-23
6.2087096e+00 1.0773218e-23
6.2230269e+00 1.0527186e-23
6.2373773e+00 1.0287275e-23
6.2517607e+00 1.0053330e-23
6.2661773e+00 9.8251977e-24
6.2806272e+00 9.6027291e-24
6.2951104e+00 9.3857799e-24
6.3096269e+00 9.1742096e-24
6.3241770e+00 8.9678814e-24
6.3387606e+00 8.7666622e-24
6.3533778e+00 8.5704227e-24
6.3680288e+00 8.3790369e-24
6.3827135e+00 8.1923823e-24
6.3974321e+00 8.0103396e-24
6.4121846e+00 7.8327929e-24
6.4269711e+00 7.6596292e-24
6.4417918e+00 7.4907386e-24
6.4566466e+00 7.3260142e-24
6.4715357e+00 7.1653518e-24
6.4864591e+00 7.0086501e-24
6.5014169e+00 6.8558105e-24
6.5164092e+00 6.7067369e-24
6.5314361e+00 6.5613358e-24
6.5464977e+00 6.4195161e-24
6.5615939e+00 6.2811891e-24
6.5767250e+00 6.1462686e-24
6.5918910e+00 6.0146704e-24
6.6070920e+00 5.8863126e-24
6.6223280e+00 5.7611155e-24
6.6375991e+00 5.6390014e-24
6.6529055e+00 5.5198946e-24
6.6682471e+00 5.4037213e-24
6.6836241e+00 5.2904098e-24
6.6990366e+00 5.1798900e-24
6.7144846e+00 5.0720937e-24
6.7299683e+00 4.9669545e-24
6.7454877e+00 4.8644077e-24
6.7610428e+00 4.7643900e-24
6.7766338e+00 4.6668400e-24
6.7922608e+00 4.5716977e-24
6.8079238e+00 4.4789047e-24
6.8236229e+00 4.3884039e-24
6.8393582e+00 4.3001397e-24
6.8551299e+00 4.2140581e-24
6.8709378e+00 4.1301061e-24
6.8867823e+00 4.0482322e-24
6.9026632e+00 3.9683862e-24
6.9185808e+00 3.8905190e-24
6.9345351e+00 3.8145829e-24
6.9505262e+00 3.7405311e-24
6.9665542e+00 3.6683181e-24
6.9826191e+00 3.5978996e-24
6.9987211e+00 3.5292321e-24
7.0148602e+00 3.4622734e-24
7.0310365e+00 3.3969822e-24
7.0472502e+00 3.3333182e-24
7.0635012e+00 3.2712419e-24
7.0797897e+00 3.2107151e-24
7.0961157e+00 3.1517002e-24
7.1124794e+00 3.0941606e-24
7.1288808e+00 3.0380605e-24
7.1453201e+00 2.9833650e-24
7.1617972e+00 2.9300398e-24
7.1783124e+00 2.8780518e-24
7.1948656e+00 2.8273683e-24
7.2114571e+00 2.7779574e-24
7.2280867e+00 2.7297882e-24
7.2447548e+00 2.6828301e-24
7.2614612e+00 2.6370535e-24
7.2782062e+00 2.5924294e-24
7.2949898e+00 2.5489293e-24
7.3118121e+00 2.5065255e-24
7.3286732e+00 2.4651910e-24
7.3455732e+00 2.4248990e-24
7.3625121e+00 2.3856239e-24
7.3794901e+00 2.3473400e-24
7.3965073e+00 2.3100228e-24
7.4135637e+00 2.2736478e-24
7.4306594e+00 2.2381914e-24
7.4477946e+00 2.2036304e-24
7.4649693e+00 2.1699421e-24
7.4821835e+00 2.1371042e-24
7.4994375e+00 2.1050952e-24
7.5167313e+00 2.0738937e-24
7.5340649e+00 2.0434789e-24
7.5514385e+00 2.0138306e-24
7.5688522e+00 1.9849288e-24
7.5863060e+00 1.9567541e-24
7.6038001e+00 1.9292876e-24
7.6213345e+00 1.9025105e-24
7.6389094e+00 1.8764047e-24
7.6565248e+00 1.8509525e-24
7.6741808e+00 1.8261363e-24
7.6918775e+00 1.8019393e-24
7.7096150e+00 1.7783447e-24
7.7273934e+00 1.7553362e-24
7.7452129e+00 1.7328981e-24
7.7630734e+00 1.7110146e-24
7.7809751e+00 1.6896707e-24
7.7989181e+00 1.6688515e-24
7.8169025e+00 1.6485424e-24
7.8349283e+00 1.6287293e-24
7.8529957e+00 1.6093983e-24
7.8711048e+00 1.5905359e-24
7.8892556e+00 1.5721289e-24
7.9074483e+00 1.5541643e-24
7.9256829e+00 1.5366296e-24
7.9439596e+00 1.5195124e-24
7.9622784e+00 1.5028007e-24
7.9806395e+00 1.4864828e-24
7.9990429e+00 1.4705473e-24
8.0174888e+00 1.4549830e-24
8.0359772e+00 1.4397790e-24
8.0545082e+00 1.4249248e-24
8.0730819e+00 1.4104099e-24
8.0916985e+00 1.3962243e-24
8.1103581e+00 1.3823582e-24
8.1290606e+00 1.3688019e-24
8.1478063e+00 1.3555461e-24
8.1665952e+00 1.3425819e-24
8.1854274e+00 1.3299002e-24
8.2043031e+00 1.3174925e-24
8.2232223e+00 1.3053504e-24
8.2421851e+00 1.2934657e-24
8.2611916e+00 1.2818305e-24
8.2802420e+00 1.2704371e-24
8.2993363e+00 1.2592780e-24
8.3184746e+00 1.2483458e-24
8.3376571e+00 1.2376334e-24
8.3568838e+00 1.2271340e-24
8.3761548e+00 1.2168407e-24
8.3954703e+00 1.2067472e-24
8.4148303e+00 1.1968471e-24
8.4342350e+00 1.1871342e-24
8.4536844e+00 1.1776025e-24
8.4731786e+00 1.1682463e-24
8.4927179e+00 1.1590599e-24
8.5123021e+00 1.1500378e-24
8.5319316e+00 1.1411749e-24
8.5516063e+00 1.1324658e-24
8.5713263e+00 1.1239057e-24
8.5910919e+00 1.1154897e-24
8.6109030e+00 1.1072131e-24
8.6307598e+00 1.0990714e-24
8.6506624e+00 1.0910601e-24
8.6706109e+00 1.0831750e-24
8.6906054e+00 1.0754120e-24
8.7106460e+00 1.0677671e-24
8.7307328e+00 1.0602364e-24
8.7508660e+00 1.0528161e-24
8.7710455e+00 1.0455026e-24
8.7912716e+00 1.0382923e-24
8.8115444e+00 1.0311820e-24
8.8318638e+00 1.0241682e-24
8.8522302e+00 1.0172478e-24
8.8726435e+00 1.0104178e-24
8.8931039e+00 1.0036750e-24
8.9136114e+00 9.9701675e-25
8.9341663e+00 9.9044015e-25
8.9547686e+00 9.8394253e-25
8.9754183e+00 9.7752128e-25
8.9961157e+00 9.7117390e-25
9.0168608e+00 9.6489796e-25
9.0376538e+00 9.5869113e-25
9.0584947e+00 9.5255114e-25
9.0793836e+00 9.4647580e-25
9.1003208e+00 9.4046302e-25
9.1213062e+00 9.3451077e-25
9.1423400e+00 9.2861709e-25
9.1634223e+00 9.2278009e-25
9.1845532e+00 9.1699795e-25
9.2057328e+00 9.1126893e-25
9.2269613e+00 9.0559134e-25
9.2482388e+00 8.9996355e-25
9.2695653e+00 8.9438400e-25
9.2909410e+00 8.8885119e-25
9.3123660e+00 8.8336368e-25
9.3338403e+00 8.7792008e-25
9.3553642e+00 8.7251904e-25
9.3769378e+00 8.6715930e-25
9.3985611e+00 8.6183962e-25
9.4202342e+00 8.5655882e-25
9.4419574e+00 8.5131578e-25
9.4637306e+00 8.4610941e-25
9.4855540e+00 8.4093868e-25
9.5074278e+00 8.3580258e-25
9.5293520e+00 8.3070019e-25
9.5513267e+00 8.2563058e-25
9.5733522e+00 8.2059291e-25
9.5954284e+00 8.1558633e-25
9.6175555e+00 8.1061008e-25
9.6397337e+00 8.0566339e-25
9.6619630e+00 8.0074557e-25
9.6842435e+00 7.9585593e-25
9.7065755e+00 7.9099384e-25
9.7289589e+00 7.8615869e-25
9.7513940e+00 7.8134992e-25
9.7738808e+00 7.7656697e-25
9.7964194e+00 7.7180934e-25
9.8190100e+00 7.6707656e-25
9.8416527e+00 7.6236816e-25
9.8643477e+00 7.5768373e-25
9.8870949e+00 7.5302288e-25
9.9098946e+00 7.4838523e-25
9.9327469e+00 7.4377045e-25
9.9556519e+00 7.3917822e-25
9.9786097e+00 7.3460824e-25
1.0001620e+01 7.3006026e-25
1.0024684e+01 7.2553423e-25
1.0047801e+01 7.2103007e-25
1.0070972e+01 7.1654755e-25
1.0094195e+01 7.1208643e-25
1.0117473e+01 7.0764654e-25
1.0140804e+01 7.0322770e-25
1.0164188e+01 6.9882976e-25
1.0187627e+01 6.9445259e-25
1.0211120e+01 6.9009607e-25
1.0234667e+01 6.8576011e-25
1.0258268e+01 6.8144464e-25
1.0281924e+01 6.7714959e-25
1.0305634e+01 6.7287491e-25
1.0329399e+01 6.6862058e-25
1.0353218e+01 6.6438658e-25
1.0377093e+01 6.6017290e-25
1.0401023e+01 6.5597957e-25
1.0425007e+01 6.5180659e-25
1.0449048e+01 6.4765401e-25
1.0473143e+01 6.4352186e-25
1.0497294e+01 6.3941022e-25
1.0521501e+01 6.3531913e-25
1.0545764e+01 6.3124867e-25
1.0570082e+01 6.2719893e-25
1.0594457e+01 6.2316999e-25
1.0618888e+01 6.1916195e-25
1.0643375e+01 6.1517492e-25
1.0667919e+01 6.1120900e-25
1.0692519e+01 6.0726431e-25
1.0717176e+01 6.0334096e-25
1.0741890e+01 5.9943908e-25
1.0766661e+01 5.9555879e-25
1.0791489e+01 5.9170023e-25
1.0816374e+01 5.8786352e-25
1.0841317e+01 5.8404881e-25
1.0866317e+01 5.8025623e-25
1.0891375e+01 5.7648591e-25
1.0916491e+01 5.7273799e-25
1.0941664e+01 5.6901261e-25
1.0966896e+01 5.6530991e-25
1.0992185e+01 5.6163003e-25
1.1017533e+01 5.5797310e-25
1.1042940e+01 5.5433925e-25
1.1068405e+01 5.5072863e-25
1.1093929e+01 5.4714136e-25
1.1119512e+01 5.4357756e-25
1.1145153e+01 5.4003737e-25
1.1170854e+01 5.3652091e-25
1.1196614e+01 5.3302829e-25
1.1222434e+01 5.2955964e-25
1.1248313e+01 5.2611506e-25
1.1274251e+01 5.2269466e-25
1.1300250e+01 5.1929854e-25
1.1326308e+01 5.1592680e-25
1.1352427e+01 5.1257954e-25
1.1378606e+01 5.0925684e-25
1.1404845e+01 5.0595879e-25
1.1431144e+01 5.0268546e-25
1.1457505e+01 4.9943692e-25
1.1483926e+01 4.9621324e-25
1.1510408e+01 4.9301448e-25
1.1536951e+01 4.8984070e-25
1.1563555e+01 4.8669195e-25
1.1590221e+01 4.8356825e-25
1.1616948e+01 4.8046967e-25
1.1643737e+01 4.7739621e-25
1.1670587e+01 4.7434791e-25
1.1697500e+01 4.7132478e-25
1.1724474e+01 4.6832684e-25
1.1751511e+01 4.6535409e-25
1.1778610e+01 4.6240653e-25
1.1805772e+01 4.5948415e-25
1.1832996e+01 4.5658694e-25
1.1860283e+01 4.5371487e-25
1.1887633e+01 4.5086793e-25
1.1915046e+01 4.4804608e-25
1.1942522e+01 4.4524928e-25
1.1970061e+01 4.4247749e-25
1.1997664e+01 4.3973066e-25
1.2025331e+01 4.3700872e-25
1.2053062e+01 4.3431164e-25
1.2080856e+01 4.3163932e-25
1.2108715e+01 4.2899171e-25
1.2136637e+01 4.2636872e-25
1.2164625e+01 4.2377028e-25
1.2192676e+01 4.2119629e-25
1.2220793e+01 4.1864666e-25
1.2248974e+01 4.1612129e-25
1.2277220e+01 4.1362008e-25
1.2305532e+01 4.1114293e-25
1.2333908e+01 4.0868973e-25
1.2362350e+01 4.0626034e-25
1.2390858e+01 4.0385467e-25
1.2419431e+01 4.0147258e-25
1.2448071e+01 3.9911394e-25
1.2476776e+01 3.9677863e-25
1.2505548e+01 3.9446651e-25
1.2534386e+01 3.9217744e-25
1.2563290e+01 3.8991127e-25
1.2592261e+01 3.8766787e-25
1.2621299e+01 3.8544709e-25
1.2650404e+01 3.8324877e-25
1.2679576e+01 3.8107276e-25
1.2708815e+01 3.7891891e-25
1.2738121e+01 3.7678706e-25
1.2767496e+01 3.7467705e-25
1.2796938e+01 3.7258870e-25
1.2826447e+01 3.7052188e-25
1.2856025e+01 3.6847639e-25
1.2885671e+01 3.6645208e-25
1.2915386e+01 3.6444877e-25
1.2945169e+01 3.6246630e-25
1.2975020e+01 3.6050450e-25
1.3004941e+01 3.5856318e-25
1.3034930e+01 3.5664217e-25
1.3064989e+01 3.5474131e-25
1.3095117e+01 3.5286040e-25
1.3125314e+01 3.5099928e-25
1.3155582e+01 3.4915776e-25
1.3185918e+01 3.4733568e-25
1.3216325e+01 3.4553284e-25
1.3246802e+01 3.4374907e-25
1.3277349e+01 3.4198419e-25
1.3307967e+01 3.4023803e-25
1.3338655e+01 3.3851039e-25
1.3369414e+01 3.3680111e-25
1.3400244e+01 3.3511000e-25
1.3431145e+01 3.3343688e-25
1.3462118e+01 3.3178158e-25
1.3493162e+01 3.3014391e-25
1.3524277e+01 3.2852370e-25
1.3555464e+01 3.2692077e-25
1.3586723e+01 3.2533494e-25
1.3618054e+01 3.2376605e-25
1.3649457e+01 3.2221390e-25
1.3680933e+01 3.2067833e-25
1.3712481e+01 3.1915916e-25
1.3744103e+01 3.1765622e-25
1.3775797e+01 3.1616934e-25
1.3807564e+01 3.1469834e-25
1.3839404e+01 3.1324306e-25
1.3871318e+01 3.1180332e-25
1.3903305e+01 3.1037897e-25
1.3935366e+01 3.0896982e-25
1.3967501e+01 3.0757571e-25
1.3999710e+01 3.0619649e-25
1.4031994e+01 3.0483198e-25
1.4064352e+01 3.0348203e-25
1.4096784e+01 3.0214647e-25
1.4129292e+01 3.0082514e-25
1.4161874e+01 2.9951788e-25
1.4194531e+01 2.9822454e-25
1.4227264e+01 2.9694496e-25
1.4260072e+01 2.9567899e-25
1.4292956e+01 2.9442648e-25
1.4325916e+01 2.9318726e-25
1.4358951e+01 2.9196120e-25
1.4392063e+01 2.9074813e-25
1.4425251e+01 2.8954793e-25
1.4458516e+01 2.8836043e-25
1.4491858e+01 2.8718550e-25
1.4525276e+01 2.8602299e-25
1.4558771e+01 2.8487275e-25
1.4592344e+01 2.8373466e-25
1.4625994e+01 2.8260857e-25
1.4659722e+01 2.8149434e-25
1.4693527e+01 2.8039183e-25
1.4727410e+01 2.7930092e-25
1.4761372e+01 2.7822147e-25
1.4795412e+01 2.7715335e-25
1.4829530e+01 2.7609642e-25
1.4863727e+01 2.7505057e-25
1.4898003e+01 2.7401565e-25
1.4932358e+01 2.7299155e-25
1.4966792e+01 2.7197814e-25
1.5001306e+01 2.7097530e-25
1.5035899e+01 2.6998291e-25
1.5070572e+01 2.6900084e-25
1.5105324e+01 2.6802898e-25
1.5140157e+01 2.6706721e-25
1.5175071e+01 2.6611542e-25
1.5210065e+01 2.6517348e-25
1.5245139e+01 2.6424128e-25
1.5280295e+01 2.6331872e-25
1.5315531e+01 2.6240569e-25
1.5350849e+01 2.6150206e-25
1.5386248e+01 2.6060774e-25
1.5421729e+01 2.5972262e-25
1.5457291e+01 2.5884659e-25
1.5492936e+01 2.5797954e-25
1.5528663e+01 2.5712138e-25
1.5564472e+01 2.5627201e-25
1.5600364e+01 2.5543131e-25
1.5636338e+01 2.5459920e-25
1.5672396e+01 2.5377557e-25
1.5708537e+01 2.5296033e-25
1.5744761e+01 2.5215338e-25
1.5781068e+01 2.5135462e-25
1.5817459e+01 2.5056397e-25
1.5853935e+01 2.4978133e-25
1.5890494e+01 2.4900661e-25
1.5927137e+01 2.4823972e-25
1.5963866e+01 2.4748056e-25
1.6000678e+01 2.4672906e-25
1.6037576e+01 2.4598513e-25
1.6074559e+01 2.4524867e-25
1.6111627e+01 2.4451960e-25
1.6148780e+01 2.4379785e-25
1.6186020e+01 2.4308332e-25
1.6223345e+01 2.4237594e-25
1.6260756e+01 2.4167562e-25
1.6298253e+01 2.4098229e-25
1.6335837e+01 2.4029587e-25
1.6373508e+01 2.3961627e-25
1.6411265e+01 2.3894342e-25
1.6449110e+01 2.3827725e-25
1.6487041e+01 2.3761768e-25
1.6525061e+01 2.3696464e-25
1.6563168e+01 2.3631804e-25
1.6601362e+01 2.3567783e-25
1.6639645e+01 2.3504393e-25
1.6678016e+01 2.3441626e-25
1.6716476e+01 2.3379476e-25
1.6755024e+01 2.3317936e-25
1.6793662e+01 2.3257000e-25
1.6832388e+01 2.3196659e-25
1.6871203e+01 2.3136909e-25
1.6910109e+01 2.3077741e-25
1.6949103e+01 2.3019151e-25
1.6988188e+01 2.2961130e-25
1.7027363e+01 2.2903674e-25
1.7066628e+01 2.2846775e-25
1.7105984e+01 2.2790427e-25
1.7145431e+01 2.2734625e-25
1.7184968e+01 2.2679363e-25
1.7224597e+01 2.2624633e-25
1.7264317e+01 2.2570431e-25
1.7304128e+01 2.2516751e-25
1.7344032e+01 2.2463587e-25
1.7384027e+01 2.2410933e-25
1.7424115e+01 2.2358783e-25
1.7464295e+01 2.2307133e-25
1.7504568e+01 2.2255976e-25
1.7544934e+01 2.2205307e-25
1.7585392e+01 2.2155120e-25
1.7625945e+01 2.2105412e-25
1.7666590e+01 2.2056175e-25
1.7707329e+01 2.2007406e-25
1.7748163e+01 2.1959098e-25
1.7789090e+01 2.1911248e-25
1.7830112e+01 2.1863849e-25
1.7871228e+01 2.1816897e-25
1.7912439e+01 2.1770388e-25
1.7953746e+01 2.1724315e-25
1.7995147e+01 2.1678675e-25
1.8036644e+01 2.1633463e-25
1.8078237e+01 2.1588674e-25
1.8119925e+01 2.1544304e-25
1.8161710e+01 2.1500348e-25
1.8203591e+01 2.1456801e-25
1.8245569e+01 2.1413659e-25
1.8287643e+01 2.1370918e-25
1.8329814e+01 2.1328573e-25
1.8372083e+01 2.1286620e-25
1.8414449e+01 2.1245055e-25
1.8456913e+01 2.1203873e-25
1.8499475e+01 2.1163072e-25
1.8542135e+01 2.1122645e-25
1.8584893e+01 2.1082590e-25
1.8627750e+01 2.1042902e-25
1.8670706e+01 2.1003578e-25
1.8713761e+01 2.0964613e-25
1.8756915e+01 2.0926003e-25
1.8800168e+01 2.0887746e-25
1.8843522e+01 2.0849836e-25
1.8886975e+01 2.0812271e-25
1.8930528e+01 2.0775046e-25
1.8974182e+01 2.0738158e-25
1.9017937e+01 2.0701604e-25
1.9061792e+01 2.0665379e-25
1.9105749e+01 2.0629481e-25
1.9149807e+01 2.0593906e-25
1.9193967e+01 2.0558649e-25
1.9238228e+01 2.0523709e-25
1.9282592e+01 2.0489082e-25
1.9327057e+01 2.0454763e-25
1.9371626e+01 2.0420751e-25
1.9416297e+01 2.0387041e-25
1.9461071e+01 2.0353631e-25
1.9505948e+01 2.0320517e-25
1.9550929e+01 2.0287696e-25
1.9596014e+01 2.0255165e-25
1.9641202e+01 2.0222921e-25
1.9686495e+01 2.0190962e-25
1.9731892e+01 2.0159283e-25
1.9777394e+01 2.0127882e-25
1.9823001e+01 2.0096757e-25
1.9868713e+01 2.0065903e-25
1.9914530e+01 2.0035319e-25
1.9960454e+01 2.0005001e-25
2.0006482e+01 1.9974947e-25
2.0052618e+01 1.9945154e-25
2.0098859e+01 1.9915619e-25
2.0145207e+01 1.9886339e-25
2.0191662e+01 1.9857312e-25
2.0238224e+01 1.9828536e-25
2.0284894e+01 1.9800007e-25
2.0331671e+01 1.9771722e-25
2.0378556e+01 1.9743680e-25
2.0425549e+01 1.9715878e-25
2.0472650e+01 1.9688314e-25
2.0519861e+01 1.9660984e-25
2.0567180e+01 1.9633887e-25
2.0614608e+01 1.9607019e-25
2.0662145e+01 1.9580380e-25
2.0709792e+01 1.9553965e-25
2.0757549e+01 1.9527774e-25
2.0805416e+01 1.9501803e-25
2.0853394e+01 1.9476050e-25
2.0901482e+01 1.9450514e-25
2.0949681e+01 1.9425191e-25
2.0997991e+01 1.9400080e-25
2.1046412e+01 1.9375178e-25
2.1094945e+01 1.9350484e-25
2.1143591e+01 1.9325995e-25
2.1192348e+01 1.9301709e-25
2.1241218e+01 1.9277624e-25
2.1290200e+01 1.9253738e-25
2.1339295e+01 1.9230049e-25
2.1388504e+01 1.9206554e-25
2.1437826e+01 1.9183253e-25
2.1487262e+01 1.9160142e-25
2.1536812e+01 1.9137221e-25
2.1586476e+01 1.9114486e-25
2.1636254e+01 1.9091937e-25
2.1686148e+01 1.9069571e-25
2.1736156e+01 1.9047386e-25
2.1786280e+01 1.9025381e-25
2.1836519e+01 1.9003553e-25
2.1886874e+01 1.8981902e-25
2.1937346e+01 1.8960424e-25
2.1987933e+01 1.8939119e-25
2.2038638e+01 1.8917985e-25
2.2089459e+01 1.8897020e-25
2.2140397e+01 1.8876222e-25
2.2191453e+01 1.8855589e-25
2.2242627e+01 1.8835120e-25
2.2293919e+01 1.8814814e-25
2.2345328e+01 1.8794668e-25
2.2396857e+01 1.8774682e-25
2.2448504e+01 1.8754852e-25
2.2500271e+01 1.8735179e-25
2.2552157e+01 1.8715660e-25
2.2604162e+01 1.8696294e-25
2.2656287e+01 1.8677079e-25
2.2708533e+01 1.8658013e-25
2.2760899e+01 1.8639096e-25
2.2813386e+01 1.8620326e-25
2.2865994e+01 1.8601702e-25
2.2918723e+01 1.8583221e-25
2.2971574e+01 1.8564882e-25
2.3024546e+01 1.8546685e-25
2.3077641e+01 1.8528628e-25
2.3130858e+01 1.8510709e-25
2.3184198e+01 1.8492926e-25
2.3237661e+01 1.8475280e-25
2.3291247e+01 1.8457768e-25
2.3344957e+01 1.8440389e-25
2.3398791e+01 1.8423141e-25
2.3452748e+01 1.8406024e-25
2.3506831e+01 1.8389037e-25
2.3561038e+01 1.8372177e-25
2.3615370e+01 1.8355444e-25
2.3669827e+01 1.8338836e-25
2.3724410e+01 1.8322352e-25
2.3779118e+01 1.8305992e-25
2.3833953e+01 1.8289753e-25
2.3888914e+01 1.8273636e-25
2.3944002e+01 1.8257637e-25
2.3999217e+01 1.8241757e-25
2.4054560e+01 1.8225995e-25
2.4110030e+01 1.8210348e-25
2.4165628e+01 1.8194816e-25
2.4221354e+01 1.8179399e-25
2.4277208e+01 1.8164094e-25
2.4333192e+01 1.8148901e-25
2.4389304e+01 1.8133819e-25
2.4445546e+01 1.8118846e-25
2.4501918e+01 1.8103982e-25
2.4558420e+01 1.8089226e-25
2.4615051e+01 1.8074576e-25
2.4671814e+01 1.8060032e-25
2.4728707e+01 1.8045592e-25
2.4785732e+01 1.8031256e-25
2.4842888e+01 1.8017023e-25
2.4900176e+01 1.8002891e-25
2.4957596e+01 1.7988860e-25
2.5015148e+01 1.7974929e-25
2.5072833e+01 1.7961096e-25
2.5130652e+01 1.7947362e-25
2.5188603e+01 1.7933725e-25
2.5246688e+01 1.7920184e-25
2.5304907e+01 1.7906738e-25
2.5363261e+01 1.7893386e-25
2.5421748e+01 1.7880128e-25
2.5480371e+01 1.7866963e-25
2.5539129e+01 1.7853890e-25
2.5598023e+01 1.7840907e-25
2.5657052e+01 1.7828015e-25
2.5716217e+01 1.7815212e-25
2.5775519e+01 1.7802497e-25
2.5834957e+01 1.7789870e-25
2.5894533e+01 1.7777330e-25
2.5954246e+01 1.7764876e-25
2.6014097e+01 1.7752508e-25
2.6074085e+01 1.7740224e-25
2.6134212e+01 1.7728024e-25
2.6194478e+01 1.7715907e-25
2.6254883e+01 1.7703872e-25
2.6315427e+01 1.7691919e-25
2.6376110e+01 1.7680047e-25
2.6436934e+01 1.7668254e-25
2.6497898e+01 1.7656542e-25
2.6559002e+01 1.7644908e-25
2.6620247e+01 1.7633352e-25
2.6681634e+01 1.7621873e-25
2.6743162e+01 1.7610471e-25
2.6804832e+01 1.7599145e-25
2.6866644e+01 1.7587894e-25
2.6928599e+01 1.7576718e-25
2.6990696e+01 1.7565615e-25
2.7052937e+01 1.7554586e-25
2.7115321e+01 1.7543630e-25
2.7177849e+01 1.7532746e-25
2.7240522e+01 1.7521933e-25
2.7303338e+01 1.7511192e-25
2.7366300e+01 1.7500520e-25
2.7429407e+01 1.7489918e-25
2.7492659e+01 1.7479385e-25
2.7556058e+01 1.7468920e-25
2.7619602e+01 1.7458523e-25
2.7683293e+01 1.7448194e-25
2.7747131e+01 1.7437931e-25
2.7811116e+01 1.7427734e-25
2.7875249e+01 1.7417602e-25
2.7939529e+01 1.7407536e-25
2.8003958e+01 1.7397534e-25
2.8068536e+01 1.7387596e-25
2.8133262e+01 1.7377721e-25
2.8198137e+01 1.7367909e-25
2.8263162e+01 1.7358160e-25
2.8328338e+01 1.7348472e-25
2.8393663e+01 1.7338845e-25
2.8459139e+01 1.7329279e-25
2.8524766e+01 1.7319774e-25
2.8590544e+01 1.7310328e-25
2.8656474e+01 1.7300941e-25
2.8722556e+01 1.7291613e-25
2.8788791e+01 1.7282343e-25
2.8855178e+01 1.7273131e-25
2.8921718e+01 1.7263976e-25
2.8988412e+01 1.7254878e-25
2.9055259e+01 1.7245837e-25
2.9122261e+01 1.7236851e-25
2.9189417e+01 1.7227921e-25
2.9256728e+01 1.7219046e-25
2.9324194e+01 1.7210225e-25
2.9391816e+01 1.7201459e-25
2.9459594e+01 1.7192746e-25
2.9527528e+01 1.7184086e-25
2.9595619e+01 1.7175479e-25
2.9663866e+01 1.7166924e-25
2.9732272e+01 1.7158422e-25
2.9800834e+01 1.7149971e-25
2.9869555e+01 1.7141571e-25
2.9938435e+01 1.7133222e-25
3.0007473e+01 1.7124923e-25
3.0076670e+01 1.7116674e-25
3.0146028e+01 1.7108475e-25
3.0215544e+01 1.7100325e-25
3.0285222e+01 1.7092223e-25
3.0355060e+01 1.7084170e-25
3.0425059e+01 1.7076165e-25
3.0495219e+01 1.7068207e-25
3.0565541e+01 1.7060297e-25
3.0636026e+01 1.7052434e-25
3.0706673e+01 1.7044617e-25
3.0777482e+01 1.7036846e-25
3.0848456e+01 1.7029121e-25
3.0919592e+01 1.7021442e-25
3.0990893e+01 1.7013808e-25
3.1062358e+01 1.7006218e-25
3.1133988e+01 1.6998673e-25
3.1205784e+01 1.6991172e-25
3.1277744e+01 1.6983714e-25
3.1349871e+01 1.6976300e-25
3.1422164e+01 1.6968929e-25
3.1494624e+01 1.6961601e-25
3.1567251e+01 1.6954316e-25
3.1640045e+01 1.6947072e-25
3.1713007e+01 1.6939870e-25
3.1786138e+01 1.6932710e-25
3.1859437e+01 1.6925591e-25
3.1932905e+01 1.6918512e-25
3.2006542e+01 1.6911475e-25
3.2080350e+01 1.6904477e-25
3.2154327e+01 1.6897520e-25
3.2228475e+01 1.6890602e-25
3.2302794e+01 1.6883723e-25
3.2377285e+01 1.6876884e-25
3.2451947e+01 1.6870083e-25
3.2526782e+01 1.6863321e-25
3.2601789e+01 1.6856597e-25
3.2676969e+01 1.6849912e-25
3.2752322e+01 1.6843263e-25
3.2827849e+01 1.6836653e-25
3.2903550e+01 1.6830079e-25
3.2979426e+01 1.6823542e-25
3.3055477e+01 1.6817042e-25
3.3131703e+01 1.6810578e-25
3.3208105e+01 1.6804151e-25
3.3284683e+01 1.6797759e-25
3.3361438e+01 1.6791403e-25
3.3438370e+01 1.6785082e-25
3.3515479e+01 1.6778796e-25
3.3592766e+01 1.6772545e-25
3.3670231e+01 1.6766328e-25
3.3747875e+01 1.6760146e-25
3.3825698e+01 1.6753998e-25
3.3903700e+01 1.6747884e-25
3.3981882e+01 1.6741804e-25
3.4060245e+01 1.6735757e-25
3.4138788e+01 1.6729743e-25
3.4217512e+01 1.6723762e-25
3.4296418e+01 1.6717813e-25
3.4375506e+01 1.6711898e-25
3.4454776e+01 1.6706014e-25
3.4534229e+01 1.6700163e-25
3.4613865e+01 1.6694343e-25
3.4693685e+01 1.6688555e-25
3.4773689e+01 1.6682798e-25
3.4853877e+01 1.6677073e-25
3.4934251e+01 1.6671378e-25
3.5014809e+01 1.6665714e-25
3.5095554e+01 1.6660081e-25
3.5176484e+01 1.6654479e-25
3.5257602e+01 1.6648906e-25
3.5338906e+01 1.6643363e-25
3.5420398e+01 1.6637850e-25
3.5502077e+01 1.6632367e-25
3.5583945e+01 1.6626913e-25
3.5666002e+01 1.6621488e-25
3.5748248e+01 1.6616092e-25
3.5830684e+01 1.6610725e-25
3.5913310e+01 1.6605386e-25
3.5996126e+01 1.6600076e-25
3.6079134e+01 1.6594794e-25
3.6162332e+01 1.6589541e-25
3.6245723e+01 1.6584315e-25
3.6329306e+01 1.6579116e-25
3.6413082e+01 1.6573946e-25
3.6497050e+01 1.6568802e-25
3.6581213e+01 1.6563686e-25
3.6665569e+01 1.6558597e-25
3.6750120e+01 1.6553534e-25
3.6834867e+01 1.6548499e-25
3.6919808e+01 1.6543489e-25
3.7004945e+01 1.6538506e-25
3.7090279e+01 1.6533549e-25
3.7175810e+01 1.6528619e-25
3.7261537e+01 1.6523713e-25
3.7347463e+01 1.6518834e-25
3.7433586e+01 1.6513980e-25
3.7519908e+01 1.6509152e-25
3.7606429e+01 1.6504348e-25
3.7693150e+01 1.6499570e-25
3.7780071e+01 1.6494816e-25
3.7867192e+01 1.6490088e-25
3.7954514e+01 1.6485384e-25
3.8042037e+01 1.6480704e-25
3.8129763e+01 1.6476048e-25
3.8217690e+01 1.6471417e-25
3.8305821e+01 1.6466810e-25
3.8394154e+01 1.6462226e-25
3.8482691e+01 1.6457666e-25
3.8571433e+01 1.6453130e-25
3.8660379e+01 1.6448617e-25
3.8749530e+01 1.6444128e-25
3.8838886e+01 1.6439661e-25
3.8928449e+01 1.6435218e-25
3.9018219e+01 1.6430797e-25
3.9108195e+01 1.6426400e-25
3.9198379e+01 1.6422024e-25
3.9288770e+01 1.6417672e-25
3.9379371e+01 1.6413341e-25
3.9470180e+01 1.6409033e-25
3.9561198e+01 1.6404747e-25
3.9652427e+01 1.6400483e-25
3.9743865e+01 1.6396241e-25
3.9835515e+01 1.6392020e-25
3.9927376e+01 1.6387821e-25
4.0019449e+01 1.6383643e-25
4.0111734e+01 1.6379487e-25
4.0204232e+01 1.6375352e-25
4.0296943e+01 1.6371238e-25
4.0389868e+01 1.6367145e-25
4.0483008e+01 1.6363073e-25
4.0576362e+01 1.6359022e-25
4.0669931e+01 1.6354991e-25
4.0763716e+01 1.6350981e-25
4.0857718e+01 1.6346991e-25
4.0951936e+01 1.6343021e-25
4.1046372e+01 1.6339072e-25
4.1141025e+01 1.6335143e-25
4.1235896e+01 1.6331233e-25
4.1330987e+01 1.6327344e-25
4.1426296e+01 1.6323474e-25
4.1521826e+01 1.6319624e-25
4.1617575e+01 1.6315793e-25
4.1713546e+01 1.6311982e-25
4.1809737e+01 1.6308190e-25
4.1906151e+01 1.6304417e-25
4.2002787e+01 1.6300664e-25
4.2099646e+01 1.6296929e-25
4.2196728e+01 1.6293213e-25
4.2294034e+01 1.6289517e-25
4.2391564e+01 1.6285838e-25
4.2489319e+01 1.6282179e-25
4.2587300e+01 1.6278538e-25
4.2685507e+01 1.6274915e-25
4.2783940e+01 1.6271311e-25
4.2882600e+01 1.6267725e-25
4.2981488e+01 1.6264157e-25
4.3080603e+01 1.6260607e-25
4.3179947e+01 1.6257075e-25
4.3279521e+01 1.6253561e-25
4.3379324e+01 1.6250065e-25
4.3479357e+01 1.6246586e-25
4.3579620e+01 1.6243125e-25
4.3680115e+01 1.6239682e-25
4.3780842e+01 1.6236255e-25
4.3881801e+01 1.6232847e-25
4.3982993e+01 1.6229455e-25
4.4084418e+01 1.6226081e-25
4.4186077e+01 1.6222723e-25
4.4287970e+01 1.6219383e-25
4.4390099e+01 1.6216059e-25
4.4492463e+01 1.6212753e-25
4.4595062e+01 1.6209463e-25
4.4697899e+01 1.6206189e-25
4.4800973e+01 1.6202933e-25
4.4904284e+01 1.6199692e-25
4.5007834e+01 1.6196469e-25
4.5111622e+01 1.6193261e-25
4.5215650e+01 1.6190070e-25
4.5319918e+01 1.6186895e-25
4.5424426e+01 1.6183736e-25
4.5529175e+01 1.6180593e-25
4.5634165e+01 1.6177466e-25
4.5739398e+01 1.6174355e-25
4.5844873e+01 1.6171260e-25
4.5950592e+01 1.6168180e-25
4.6056554e+01 1.6165117e-25
4.6162761e+01 1.6162068e-25
4.6269213e+01 1.6159035e-25
4.6375910e+01 1.6156018e-25
4.6482853e+01 1.6153016e-25
4.6590043e+01 1.6150030e-25
4.6697480e+01 1.6147058e-25
4.6805165e+01 1.6144102e-25
4.6913098e+01 1.6141161e-25
4.7021280e+01 1.6138235e-25
4.7129711e+01 1.6135323e-25
4.7238393e+01 1.6132427e-25
4.7347325e+01 1.6129546e-25
4.7456508e+01 1.6126679e-25
4.7565943e+01 1.6123827e-25
4.7675631e+01 1.6120990e-25
4.7785571e+01 1.6118167e-25
4.7895765e+01 1.6115359e-25
4.8006213e+01 1.6112565e-25
4.8116916e+01 1.6109786e-25
4.8227874e+01 1.6107021e-25
4.8339087e+01 1.6104270e-25
4.8450558e+01 1.6101533e-25
4.8562285e+01 1.6098811e-25
4.8674270e+01 1.6096102e-25
4.8786513e+01 1.6093408e-25
4.8899015e+01 1.6090728e-25
4.9011777e+01 1.6088061e-25
4.9124798e+01 1.6085408e-25
4.9238081e+01 1.6082770e-25
4.9351624e+01 1.6080145e-25
4.9465429e+01 1.6077533e-25
4.9579497e+01 1.6074935e-25
4.9693828e+01 1.6072351e-25
4.9808422e+01 1.6069780e-25
4.9923280e+01 1.6067223e-25
5.0038404e+01 1.6064679e-25
5.0153793e+01 1.6062149e-25
5.0269448e+01 1.6059632e-25
5.0385370e+01 1.6057128e-25
5.0501559e+01 1.6054637e-25
5.0618016e+01 1.6052160e-25
5.0734741e+01 1.6049695e-25
5.0851736e+01 1.6047244e-25
5.0969000e+01 1.6044805e-25
5.1086535e+01 1.6042380e-25
5.1204341e+01 1.6039967e-25
5.1322419e+01 1.6037568e-25
5.1440769e+01 1.6035181e-25
5.1559392e+01 1.6032807e-25
5.1678288e+01 1.6030445e-25
5.1797458e+01 1.6028096e-25
5.1916904e+01 1.6025760e-25
5.2036625e+01 1.6023436e-25
5.2156621e+01 1.6021125e-25
5.2276895e+01 1.6018827e-25
5.2397446e+01 1.6016541e-25
5.2518275e+01 1.6014267e-25
5.2639382e+01 1.6012005e-25
5.2760769e+01 1.6009756e-25
5.2882436e+01 1.6007519e-25
5.3004383e+01 1.6005295e-25
5.3126612e+01 1.6003082e-25
5.3249122e+01 1.6000882e-25
5.3371915e+01 1.5998693e-25
5.3494991e+01 1.5996517e-25
5.3618351e+01 1.5994353e-25
5.3741995e+01 1.5992200e-25
5.3865925e+01 1.5990060e-25
5.3990140e+01 1.5987931e-25
5.4114642e+01 1.5985815e-25
5.4239430e+01 1.5983710e-25
5.4364507e+01 1.5981617e-25
5.4489872e+01 1.5979535e-25
5.4615526e+01 1.5977466e-25
5.4741470e+01 1.5975408e-25
5.4867704e+01 1.5973361e-25
5.4994229e+01 1.5971326e-25
5.5121046e+01 1.5969303e-25
5.5248156e+01 1.5967291e-25
5.5375559e+01 1.5965291e-25
5.5503255e+01 1.5963302e-25
5.5631246e+01 1.5961324e-25
5.5759532e+01 1.5959358e-25
5.5888114e+01 1.5957403e-25
5.6016992e+01 1.5955459e-25
5.6146168e+01 1.5953527e-25
5.6275642e+01 1.5951606e-25
5.6405414e+01 1.5949696e-25
5.6535485e+01 1.5947797e-25
5.6665856e+01 1.5945909e-25
5.6796528e+01 1.5944032e-25
5.6927501e+01 1.5942167e-25
5.7058777e+01 1.5940312e-25
5.7190355e+01 1.5938469e-25
5.7322236e+01 1.5936636e-25
5.7454421e+01 1.5934814e-25
5.7586912e+01 1.5933003e-25
5.7719708e+01 1.5931203e-25
5.7852810e+01 1.5929414e-25
5.7986219e+01 1.5927636e-25
5.8119935e+01 1.5925868e-25
5.8253960e+01 1.5924112e-25
5.8388294e+01 1.5922365e-25
5.8522938e+01 1.5920630e-25
5.8657893e+01 1.5918905e-25
5.8793158e+01 1.5917191e-25
5.8928736e+01 1.5915488e-25
5.9064626e+01 1.5913795e-25
5.9200829e+01 1.5912112e-25
5.9337347e+01 1.5910440e-25
5.9474179e+01 1.5908779e-25
5.9611327e+01 1.5907128e-25
5.9748791e+01 1.5905487e-25
5.9886572e+01 1.5903857e-25
6.0024671e+01 1.5902237e-25
6.0163089e+01 1.5900628e-25
6.0301825e+01 1.5899029e-25
6.0440882e+01 1.5897440e-25
6.0580259e+01 1.5895862e-25
6.0719957e+01 1.5894294e-25
6.0859978e+01 1.5892736e-25
6.1000322e+01 1.5891188e-25
6.1140989e+01 1.5889650e-25
6.1281980e+01 1.5888123e-25
6.1423297e+01 1.5886606e-25
6.1564940e+01 1.5885099e-25
6.1706909e+01 1.5883602e-25
6.1849206e+01 1.5882115e-25
6.1991830e+01 1.5880638e-25
6.2134784e+01 1.5879171e-25
6.2278067e+01 1.5877714e-25
6.2421681e+01 1.5876267e-25
6.2565626e+01 1.5874830e-25
6.2709903e+01 1.5873403e-25
6.2854512e+01 1.5871986e-25
6.2999455e+01 1.5870579e-25
6.3144732e+01 1.5869182e-25
6.3290345e+01 1.5867794e-25
6.3436293e+01 1.5866417e-25
6.3582577e+01 1.5865049e-25
6.3729199e+01 1.5863691e-25
6.3876159e+01 1.5862343e-25
6.4023458e+01 1.5861005e-25
6.4171097e+01 1.5859676e-25
6.4319076e+01 1.5858357e-25
6.4467396e+01 1.5857048e-25
6.4616058e+01 1.5855749e-25
6.4765063e+01 1.5854459e-25
6.4914412e+01 1.5853179e-25
6.5064105e+01 1.5851908e-25
6.5214144e+01 1.5850647e-25
6.5364528e+01 1.5849396e-25
6.5515259e+01 1.5848155e-25
6.5666338e+01 1.5846923e-25
6.5817765e+01 1.5845700e-25
6.5969541e+01 1.5844487e-25
6.6121667e+01 1.5843284e-25
6.6274144e+01 1.5842090e-25
6.6426973e+01 1.5840905e-25
6.6580154e+01 1.5839730e-25
6.6733688e+01 1.5838565e-25
6.6887577e+01 1.5837409e-25
6.7041820e+01 1.5836262e-25
6.7196419e+01 1.5835125e-25
6.7351374e+01 1.5833998e-25
6.7506687e+01 1.5832879e-25
6.7662358e+01 1.5831770e-25
6.7818388e+01 1.5830671e-25
6.7974778e+01 1.5829581e-25
6.8131528e+01 1.5828500e-25
6.8288640e+01 1.5827428e-25
6.8446114e+01 1.5826366e-25
6.8603951e+01 1.5825313e-25
6.8762153e+01 1.5824270e-25
6.8920719e+01 1.5823236e-25
6.9079650e+01 1.5822211e-25
6.9238949e+01 1.5821195e-25
6.9398614e+01 1.5820188e-25
6.9558648e+01 1.5819191e-25
6.9719051e+01 1.5818203e-25
6.9879823e+01 1.5817224e-25
7.0040967e+01 1.5816255e-25
7.0202482e+01 1.5815295e-25
7.0364369e+01 1.5814343e-25
7.0526630e+01 1.5813402e-25
7.0689265e+01 1.5812469e-25
7.0852275e+01 1.5811545e-25
7.1015661e+01 1.5810631e-25
7.1179423e+01 1.5809725e-25
7.1343564e+01 1.5808829e-25
7.1508083e+01 1.5807942e-25
7.1672981e+01 1.5807064e-25
7.1838259e+01 1.5806196e-25
7.2003919e+01 1.5805336e-25
7.2169960e+01 1.5804485e-25
7.2336385e+01 1.5803644e-25
7.2503193e+01 1.5802812e-25
7.2670386e+01 1.5801988e-25
7.2837964e+01 1.5801174e-25
7.3005929e+01 1.5800369e-25
7.3174282e+01 1.5799573e-25
7.3343022e+01 1.5798786e-25
7.3512152e+01 1.5798008e-25
7.3681671e+01 1.5797239e-25
7.3851582e+01 1.5796479e-25
7.4021884e+01 1.5795728e-25
7.4192579e+01 1.5794986e-25
7.4363668e+01 1.5794253e-25
7.4535151e+01 1.5793530e-25
7.4707029e+01 1.5792815e-25
7.4879304e+01 1.5792109e-25
7.5051977e+01 1.5791412e-25
7.5225047e+01 1.5790725e-25
7.5398517e+01 1.5790046e-25
7.5572386e+01 1.5789376e-25
7.5746657e+01 1.5788715e-25
7.5921329e+01 1.5788063e-25
7.6096404e+01 1.5787420e-25
7.6271883e+01 1.5786787e-25
7.6447767e+01 1.5786162e-25
7.6624056e+01 1.5785546e-25
7.6800751e+01 1.5784939e-25
7.6977855e+01 1.5784341e-25
7.7155366e+01 1.5783752e-25
7.7333287e+01 1.5783172e-25
7.7511618e+01 1.5782601e-25
7.7690361e+01 1.5782039e-25
7.7869515e+01 1.5781486e-25
7.8049083e+01 1.5780941e-25
7.8229065e+01 1.5780406e-25
7.8409461e+01 1.5779880e-25
7.8590274e+01 1.5779363e-25
7.8771504e+01 1.5778854e-25
7.8953152e+01 1.5778355e-25
7.9135218e+01 1.5777864e-25
7.9317705e+01 1.5777383e-25
7.9500612e+01 1.5776910e-25
7.9683941e+01 1.5776447e-25
7.9867693e+01 1.5775992e-25
8.0051868e+01 1.5775547e-25
8.0236468e+01 1.5775110e-25
8.0421494e+01 1.5774682e-25
8.0606947e+01 1.5774263e-25
8.0792827e+01 1.5773854e-25
8.0979136e+01 1.5773453e-25
8.1165874e+01 1.5773061e-25
8.1353044e+01 1.5772678e-25
8.1540644e+01 1.5772304e-25
8.1728678e+01 1.5771939e-25
8.1917145e+01 1.5771583e-25
8.2106046e+01 1.5771236e-25
8.2295383e+01 1.5770898e-25
8.2485157e+01 1.5770569e-25
8.2675369e+01 1.5770249e-25
8.2866019e+01 1.5769938e-25
8.3057108e+01 1.5769636e-25
8.3248639e+01 1.5769343e-25
8.3440611e+01 1.5769059e-25
8.3633025e+01 1.5768784e-25
8.3825884e+01 1.5768518e-25
8.4019187e+01 1.5768261e-25
8.4212936e+01 1.5768013e-25
8.4407131e+01 1.5767775e-25
8.4601775e+01 1.5767545e-25
8.4796867e+01 1.5767324e-25
8.4992409e+01 1.5767112e-25
8.5188403e+01 1.5766909e-25
8.5384848e+01 1.5766716e-25
8.5581746e+01 1.5766531e-25
8.5779098e+01 1.5766355e-25
8.5976905e+01 1.5766189e-25
8.6175169e+01 1.5766032e-25
8.6373889e+01 1.5765883e-25
8.6573068e+01 1.5765744e-25
8.6772706e+01 1.5765614e-25
8.6972805e+01 1.5765493e-25
8.7173365e+01 1.5765381e-25
8.7374387e+01 1.5765278e-25
8.7575873e+01 1.5765185e-25
8.7777824e+01 1.5765100e-25
8.7980240e+01 1.5765025e-25
8.8183123e+01 1.5764959e-25
8.8386474e+01 1.5764902e-25
8.8590294e+01 1.5764854e-25
8.8794584e+01 1.5764815e-25
8.8999345e+01 1.5764786e-25
8.9204578e+01 1.5764766e-25
8.9410285e+01 1.5764755e-25
8.9616465e+01 1.5764753e-25
8.9823122e+01 1.5764760e-25
9.0030254e+01 1.5764777e-25
9.0237865e+01 1.5764803e-25
9.0445954e+01 1.5764838e-25
9.0654523e+01 1.5764882e-25
9.0863573e+01 1.5764936e-25
9.1073105e+01 1.5764999e-25
9.1283120e+01 1.5765071e-25
9.1493620e+01 1.5765153e-25
9.1704605e+01 1.5765244e-25
9.1916077e+01 1.5765344e-25
9.2128036e+01 1.5765454e-25
9.2340484e+01 1.5765573e-25
9.2553422e+01 1.5765701e-25
9.2766850e+01 1.5765839e-25
9.2980771e+01 1.5765986e-25
9.3195186e+01 1.5766143e-25
9.3410095e+01 1.5766309e-25
9.3625499e+01 1.5766484e-25
9.3841400e+01 1.5766669e-25
9.4057799e+01 1.5766863e-25
9.4274697e+01 1.5767067e-25
9.4492095e+01 1.5767280e-25
9.4709995e+01 1.5767503e-25
9.4928397e+01 1.5767736e-25
9.5147302e+01 1.5767977e-25
9.5366713e+01 1.5768229e-25
9.5586629e+01 1.5768490e-25
9.5807053e+01 1.5768760e-25
9.6027984e+01 1.5769040e-25
9.6249426e+01 1.5769330e-25
9.6471378e+01 1.5769629e-25
9.6693841e+01 1.5769938e-25
9.6916818e+01 1.5770257e-25
9.7140309e+01 1.5770585e-25
9.7364315e+01 1.5770923e-25
9.7588838e+01 1.5771271e-25
9.7813879e+01 1.5771628e-25
9.8039438e+01 1.5771995e-25
9.8265518e+01 1.5772372e-25
9.8492119e+01 1.5772758e-25
9.8719243e+01 1.5773155e-25
9.8946890e+01 1.5773561e-25
9.9175062e+01 1.5773977e-25
9.9403761e+01 1.5774403e-25
9.9632987e+01 1.5774838e-25
9.9862741e+01 1.5775284e-25
1.0009303e+02 1.5775739e-25
1.0032384e+02 1.5776205e-25
1.0055519e+02 1.5776680e-25
1.0078707e+02 1.5777165e-25
1.0101948e+02 1.5777660e-25
1.0125244e+02 1.5778165e-25
1.0148593e+02 1.5778680e-25
1.0171995e+02 1.5779205e-25
1.0195452e+02 1.5779740e-25
1.0218963e+02 1.5780286e-25
1.0242528e+02 1.5780841e-25
1.0266147e+02 1.5781406e-25
1.0289821e+02 1.5781982e-25
1.0313549e+02 1.5782567e-25
1.0337332e+02 1.5783163e-25
1.0361170e+02 1.5783769e-25
1.0385063e+02 1.5784385e-25
1.0409011e+02 1.5785011e-25
1.0433015e+02 1.5785648e-25
1.0457073e+02 1.5786295e-25
1.0481187e+02 1.5786952e-25
1.0505357e+02 1.5787619e-25
1.0529582e+02 1.5788297e-25
1.0553864e+02 1.5788985e-25
1.0578201e+02 1.5789684e-25
1.0602594e+02 1.5790392e-25
1.0627044e+02 1.5791112e-25
1.0651550e+02 1.5791841e-25
1.0676113e+02 1.5792581e-25
1.0700732e+02 1.5793332e-25
1.0725408e+02 1.5794093e-25
1.0750141e+02 1.5794865e-25
1.0774931e+02 1.5795647e-25
1.0799778e+02 1.5796440e-25
1.0824682e+02 1.5797243e-25
1.0849644e+02 1.5798057e-25
1.0874663e+02 1.5798882e-25
1.0899740e+02 1.5799717e-25
1.0924875e+02 1.5800564e-25
1.0950068e+02 1.5801420e-25
1.0975319e+02 1.5802288e-25
1.1000628e+02 1.5803166e-25
1.1025996e+02 1.5804055e-25
1.1051422e+02 1.5804955e-25
1.1076906e+02 1.5805866e-25
1.1102450e+02 1.5806788e-25
1.1128052e+02 1.5807720e-25
1.1153714e+02 1.5808664e-25
1.1179434e+02 1.5809618e-25
1.1205214e+02 1.5810584e-25
1.1231053e+02 1.5811560e-25
1.1256952e+02 1.5812548e-25
1.1282911e+02 1.5813546e-25
1.1308929e+02 1.5814556e-25
1.1335008e+02 1.5815577e-25
1.1361146e+02 1.5816609e-25
1.1387345e+02 1.5817652e-25
1.1413605e+02 1.5818706e-25
1.1439924e+02 1.5819772e-25
1.1466305e+02 1.5820849e-25
1.1492746e+02 1.5821937e-25
1.1519249e+02 1.5823037e-25
1.1545812e+02 1.5824147e-25
1.1572437e+02 1.5825270e-25
1.1599123e+02 1.5826403e-25
1.1625871e+02 1.5827548e-25
1.1652680e+02 1.5828705e-25
1.1679551e+02 1.5829873e-25
1.1706484e+02 1.5831053e-25
1.1733480e+02 1.5832244e-25
1.1760537e+02 1.5833447e-25
1.1787657e+02 1.5834661e-25
1.1814839e+02 1.5835887e-25
1.1842085e+02 1.5837125e-25
1.1869392e+02 1.5838374e-25
1.1896763e+02 1.5839636e-25
1.1924197e+02 1.5840909e-25
1.1951695e+02 1.5842194e-25
1.1979255e+02 1.5843490e-25
1.2006880e+02 1.5844799e-25
1.2034568e+02 1.5846119e-25
1.2062319e+02 1.5847452e-25
1.2090135e+02 1.5848796e-25
1.2118015e+02 1.5850153e-25
1.2145959e+02 1.5851521e-25
1.2173968e+02 1.5852902e-25
1.2202041e+02 1.5854295e-25
1.2230179e+02 1.5855700e-25
1.2258382e+02 1.5857117e-25
1.2286650e+02 1.5858546e-25
1.2314983e+02 1.5859988e-25
1.2343382e+02 1.5861442e-25
1.2371846e+02 1.5862908e-25
1.2400375e+02 1.5864387e-25
1.2428971e+02 1.5865878e-25
1.2457632e+02 1.5867381e-25
1.2486359e+02 1.5868897e-25
1.2515153e+02 1.5870426e-25
1.2544013e+02 1.5871967e-25
1.2572940e+02 1.5873520e-25
1.2601933e+02 1.5875086e-25
1.2630993e+02 1.5876665e-25
1.2660120e+02 1.5878257e-25
1.2689314e+02 1.5879861e-25
1.2718576e+02 1.5881478e-25
1.2747905e+02 1.5883108e-25
1.2777302e+02 1.5884751e-25
1.2806767e+02 1.5886407e-25
1.2836299e+02 1.5888075e-25
1.2865900e+02 1.5889757e-25
1.2895569e+02 1.5891451e-25
1.2925306e+02 1.5893159e-25
1.2955112e+02 1.5894880e-25
1.2984986e+02 1.5896614e-25
1.3014930e+02 1.5898361e-25
1.3044942e+02 1.5900121e-25
1.3075024e+02 1.5901894e-25
1.3105175e+02 1.5903681e-25
1.3135396e+02 1.5905481e-25
1.3165686e+02 1.5907295e-25
1.3196046e+02 1.5909122e-25
1.3226476e+02 1.5910962e-25
1.3256977e+02 1.5912816e-25
1.3287547e+02 1.5914683e-25
1.3318189e+02 1.5916564e-25
1.3348901e+02 1.5918459e-25
1.3379683e+02 1.5920367e-25
1.3410537e+02 1.5922289e-25
1.3441462e+02 1.5924225e-25
1.3472458e+02 1.5926174e-25
1.3503525e+02 1.5928137e-25
1.3534665e+02 1.5930115e-25
1.3565876e+02 1.5932106e-25
1.3597159e+02 1.5934111e-25
1.3628514e+02 1.5936130e-25
1.3659941e+02 1.5938163e-25
1.3691441e+02 1.5940211e-25
1.3723014e+02 1.5942272e-25
1.3754659e+02 1.5944348e-25
1.3786377e+02 1.5946438e-25
1.3818169e+02 1.5948542e-25
1.3850034e+02 1.5950661e-25
1.3881972e+02 1.5952794e-25
1.3913984e+02 1.5954941e-25
1.3946070e+02 1.5957103e-25
1.3978229e+02 1.5959279e-25
1.4010463e+02 1.5961470e-25
1.4042772e+02 1.5963676e-25
1.4075154e+02 1.5965896e-25
1.4107612e+02 1.5968131e-25
1.4140144e+02 1.5970381e-25
1.4172751e+02 1.5972645e-25
1.4205434e+02 1.5974924e-25
1.4238192e+02 1.5977219e-25
1.4271025e+02 1.5979528e-25
1.4303934e+02 1.5981852e-25
1.4336919e+02 1.5984191e-25
1.4369980e+02 1.5986546e-25
1.4403117e+02 1.5988915e-25
1.4436331e+02 1.5991300e-25
1.4469621e+02 1.5993700e-25
1.4502988e+02 1.5996116e-25
1.4536432e+02 1.5998546e-25
1.4569954e+02 1.6000992e-25
1.4603552e+02 1.6003454e-25
1.4637228e+02 1.6005931e-25
1.4670981e+02 1.6008424e-25
1.4704813e+02 1.6010932e-25
1.4738722e+02 1.6013456e-25
1.4772710e+02 1.6015996e-25
1.4806776e+02 1.6018551e-25
1.4840920e+02 1.6021122e-25
1.4875144e+02 1.6023709e-25
1.4909446e+02 1.6026312e-25
1.4943827e+02 1.6028932e-25
1.4978288e+02 1.6031567e-25
1.5012828e+02 1.6034218e-25
1.5047447e+02 1.6036885e-25
1.5082147e+02 1.6039569e-25
1.5116927e+02 1.6042269e-25
1.5151786e+02 1.6044985e-25
1.5186726e+02 1.6047717e-25
1.5221747e+02 1.6050466e-25
1.5256849e+02 1.6053232e-25
1.5292031e+02 1.6056014e-25
1.5327295e+02 1.6058812e-25
1.5362639e+02 1.6061628e-25
1.5398066e+02 1.6064459e-25
1.5433574e+02 1.6067308e-25
1.5469164e+02 1.6070174e-25
1.5504836e+02 1.6073056e-25
1.5540590e+02 1.6075956e-25
1.5576427e+02 1.6078872e-25
1.5612346e+02 1.6081805e-25
1.5648348e+02 1.6084756e-25
1.5684434e+02 1.6087724e-25
1.5720602e+02 1.6090709e-25
1.5756854e+02 1.6093711e-25
1.5793189e+02 1.6096731e-25
1.5829608e+02 1.6099768e-25
1.5866112e+02 1.6102822e-25
1.5902699e+02 1.6105894e-25
1.5939371e+02 1.6108984e-25
1.5976127e+02 1.6112091e-25
1.6012968e+02 1.6115216e-25
1.6049894e+02 1.6118359e-25
1.6086905e+02 1.6121520e-25
1.6124002e+02 1.6124698e-25
1.6161184e+02 1.6127895e-25
1.6198452e+02 1.6131110e-25
1.6235805e+02 1.6134342e-25
1.6273245e+02 1.6137593e-25
1.6310772e+02 1.6140862e-25
1.6348384e+02 1.6144149e-25
1.6386084e+02 1.6147455e-25
1.6423870e+02 1.6150779e-25
1.6461744e+02 1.6154122e-25
1.6499705e+02 1.6157483e-25
1.6537753e+02 1.6160863e-25
1.6575889e+02 1.6164261e-25
1.6614114e+02 1.6167678e-25
1.6652426e+02 1.6171114e-25
1.6690826e+02 1.6174569e-25
1.6729316e+02 1.6178043e-25
1.6767894e+02 1.6181536e-25
1.6806560e+02 1.6185048e-25
1.6845316e+02 1.6188579e-25
1.6884162e+02 1.6192129e-25
1.6923097e+02 1.6195698e-25
1.6962122e+02 1.6199287e-25
1.7001236e+02 1.6202895e-25
1.7040441e+02 1.6206523e-25
1.7079737e+02 1.6210170e-25
1.7119123e+02 1.6213837e-25
1.7158600e+02 1.6217524e-25
1.7198168e+02 1.6221230e-25
1.7237827e+02 1.6224956e-25
1.7277577e+02 1.6228702e-25
1.7317419e+02 1.6232468e-25
1.7357354e+02 1.6236254e-25
1.7397380e+02 1.6240060e-25
1.7437498e+02 1.6243887e-25
1.7477709e+02 1.6247733e-25
1.7518013e+02 1.6251600e-25
1.7558410e+02 1.6255488e-25
1.7598899e+02 1.6259395e-25
1.7639483e+02 1.6263324e-25
1.7680159e+02 1.6267273e-25
1.7720930e+02 1.6271242e-25
1.7761795e+02 1.6275233e-25
1.7802753e+02 1.6279244e-25
1.7843807e+02 1.6283276e-25
1.7884955e+02 1.6287329e-25
1.7926198e+02 1.6291403e-25
1.7967535e+02 1.6295499e-25
1.8008969e+02 1.6299615e-25
1.8050498e+02 1.6303753e-25
1.8092122e+02 1.6307912e-25
1.8133843e+02 1.6312093e-25
1.8175659e+02 1.6316295e-25
1.8217573e+02 1.6320518e-25
1.8259583e+02 1.6324764e-25
1.8301689e+02 1.6329031e-25
1.8343893e+02 1.6333320e-25
1.8386194e+02 1.6337631e-25
1.8428593e+02 1.6341964e-25
1.8471089e+02 1.6346318e-25
1.8513684e+02 1.6350695e-25
1.8556377e+02 1.6355095e-25
1.8599168e+02 1.6359516e-25
1.8642058e+02 1.6363960e-25
1.8685046e+02 1.6368427e-25
1.8728134e+02 1.6372915e-25
1.8771321e+02 1.6377427e-25
1.8814608e+02 1.6381961e-25
1.8857995e+02 1.6386518e-25
1.8901482e+02 1.6391098e-25
1.8945068e+02 1.6395701e-25
1.8988756e+02 1.6400327e-25
1.9032544e+02 1.6404976e-25
1.9076433e+02 1.6409648e-25
1.9120424e+02 1.6414343e-25
1.9164516e+02 1.6419062e-25
1.9208709e+02 1.6423805e-25
1.9253005e+02 1.6428570e-25
1.9297402e+02 1.6433360e-25
1.9341902e+02 1.6438173e-25
1.9386505e+02 1.6443010e-25
1.9431210e+02 1.6447871e-25
1.9476019e+02 1.6452755e-25
1.9520930e+02 1.6457664e-25
1.9565946e+02 1.6462597e-25
1.9611065e+02 1.6467555e-25
1.9656288e+02 1.6472536e-25
1.9701616e+02 1.6477542e-25
1.9747048e+02 1.6482572e-25
1.9792585e+02 1.6487628e-25
1.9838227e+02 1.6492707e-25
1.9883974e+02 1.6497812e-25
1.9929826e+02 1.6502941e-25
1.9975785e+02 1.6508095e-25
2.0021849e+02 1.6513275e-25
2.0068020e+02 1.6518479e-25
2.0114297e+02 1.6523709e-25
2.0160680e+02 1.6528964e-25
2.0207171e+02 1.6534245e-25
2.0253769e+02 1.6539551e-25
2.0300474e+02 1.6544883e-25
2.0347287e+02 1.6550240e-25
2.0394208e+02 1.6555624e-25
2.0441237e+02 1.6561033e-25
2.0488375e+02 1.6566468e-25
2.0535621e+02 1.6571929e-25
2.0582977e+02 1.6577417e-25
2.0630441e+02 1.6582931e-25
2.0678015e+02 1.6588472e-25
2.0725699e+02 1.6594039e-25
2.0773492e+02 1.6599632e-25
2.0821396e+02 1.6605253e-25
2.0869411e+02 1.6610900e-25
2.0917536e+02 1.6616575e-25
2.0965772e+02 1.6622276e-25
2.1014119e+02 1.6628005e-25
2.1062578e+02 1.6633761e-25
2.1111148e+02 1.6639545e-25
2.1159831e+02 1.6645357e-25
2.1208625e+02 1.6651196e-25
2.1257533e+02 1.6657063e-25
2.1306553e+02 1.6662958e-25
2.1355686e+02 1.6668882e-25
2.1404932e+02 1.6674833e-25
2.1454292e+02 1.6680814e-25
2.1503766e+02 1.6686823e-25
2.1553354e+02 1.6692861e-25
2.1603056e+02 1.6698928e-25
2.1652873e+02 1.6705024e-25
2.1702804e+02 1.6711150e-25
2.1752851e+02 1.6717305e-25
2.1803013e+02 1.6723491e-25
2.1853291e+02 1.6729706e-25
2.1903685e+02 1.6735953e-25
2.1954195e+02 1.6742230e-25
2.2004822e+02 1.6748538e-25
2.2055565e+02 1.6754877e-25
2.2106425e+02 1.6761249e-25
2.2157403e+02 1.6767653e-25
2.2208498e+02 1.6774090e-25
2.2259711e+02 1.6780561e-25
2.2311042e+02 1.6787066e-25
2.2362491e+02 1.6793606e-25
2.2414060e+02 1.6800182e-25
2.2465747e+02 1.6806795e-25
2.2517553e+02 1.6813447e-25
2.2569478e+02 1.6820138e-25
2.2621524e+02 1.6826872e-25
2.2673689e+02 1.6833649e-25
2.2725975e+02 1.6840473e-25
2.2778381e+02 1.6847348e-25
2.2830908e+02 1.6854278e-25
2.2883556e+02 1.6861268e-25
2.2936326e+02 1.6868325e-25
2.2989217e+02 1.6875460e-25
2.3042231e+02 1.6882685e-25
2.3095366e+02 1.6890019e-25
2.3148624e+02 1.6897484e-25
2.3202005e+02 1.6905118e-25
2.3255509e+02 1.6912972e-25
2.3309137e+02 1.6921125e-25
2.3362888e+02 1.6929705e-25
2.3416763e+02 1.6938924e-25
2.3470762e+02 1.6949157e-25
2.3524886e+02 1.6961126e-25
2.3579134e+02 1.6976362e-25
2.3633508e+02 1.6998608e-25
2.3688007e+02 1.7039159e-25
2.3742632e+02 1.7146692e-25
2.3797382e+02 1.7784022e-25
2.3852259e+02 3.4500152e-25
2.3907263e+02 1.7431349e-25
2.3962393e+02 1.7126305e-25
2.4017651e+02 1.7066513e-25
2.4073036e+02 1.7049199e-25
2.4128548e+02 1.7044941e-25
2.4184189e+02 1.7046004e-25
2.4239958e+02 1.7049643e-25
2.4295855e+02 1.7054686e-25
2.4351882e+02 1.7060567e-25
2.4408037e+02 1.7066983e-25
2.4464322e+02 1.7073761e-25
2.4520737e+02 1.7080798e-25
2.4577282e+02 1.7088027e-25
2.4633958e+02 1.7095405e-25
2.4690764e+02 1.7102903e-25
2.4747701e+02 1.7110499e-25
2.4804769e+02 1.7118180e-25
2.4861969e+02 1.7125934e-25
2.4919301e+02 1.7133753e-25
2.4976765e+02 1.7141632e-25
2.5034362e+02 1.7149567e-25
2.5092091e+02 1.7157552e-25
2.5149954e+02 1.7165587e-25
2.5207950e+02 1.7173668e-25
2.5266080e+02 1.7181794e-25
2.5324343e+02 1.7189963e-25
2.5382742e+02 1.7198175e-25
2.5441274e+02 1.7206429e-25
2.5499942e+02 1.7214724e-25
2.5558745e+02 1.7223058e-25
2.5617684e+02 1.7231433e-25
2.5676758e+02 1.7239847e-25
2.5735969e+02 1.7248300e-25
2.5795317e+02 1.7256793e-25
2.5854801e+02 1.7265324e-25
2.5914422e+02 1.7273893e-25
2.5974181e+02 1.7282502e-25
2.6034078e+02 1.7291148e-25
2.6094112e+02 1.7299833e-25
2.6154286e+02 1.7308556e-25
2.6214598e+02 1.7317318e-25
2.6275049e+02 1.7326118e-25
2.6335639e+02 1.7334956e-25
2.6396369e+02 1.7343833e-25
2.6457240e+02 1.7352748e-25
2.6518250e+02 1.7361702e-25
2.6579401e+02 1.7370694e-25
2.6640694e+02 1.7379725e-25
2.6702127e+02 1.7388795e-25
2.6763703e+02 1.7397903e-25
2.6825420e+02 1.7407050e-25
2.6887280e+02 1.7416236e-25
2.6949282e+02 1.7425461e-25
2.7011427e+02 1.7434726e-25
2.7073716e+02 1.7444029e-25
2.7136148e+02 1.7453372e-25
2.7198724e+02 1.7462754e-25
2.7261444e+02 1.7472175e-25
2.7324310e+02 1.7481636e-25
2.7387320e+02 1.7491137e-25
2.7450475e+02 1.7500678e-25
2.7513776e+02 1.7510259e-25
2.7577223e+02 1.7519880e-25
2.7640816e+02 1.7529541e-25
2.7704556e+02 1.7539242e-25
2.7768443e+02 1.7548983e-25
2.7832477e+02 1.7558765e-25
2.7896659e+02 1.7568588e-25
2.7960989e+02 1.7578452e-25
2.8025467e+02 1.7588356e-25
2.8090094e+02 1.7598301e-25
2.8154870e+02 1.7608288e-25
2.8219796e+02 1.7618315e-25
2.8284871e+02 1.7628384e-25
2.8350096e+02 1.7638495e-25
2.8415471e+02 1.7648647e-25
2.8480998e+02 1.7658841e-25
2.8546675e+02 1.7669077e-25
2.8612504e+02 1.7679354e-25
2.8678485e+02 1.7689674e-25
2.8744617e+02 1.7700036e-25
2.8810903e+02 1.7710440e-25
2.8877341e+02 1.7720887e-25
2.8943932e+02 1.7731377e-25
2.9010677e+02 1.7741909e-25
2.9077576e+02 1.7752484e-25
2.9144629e+02 1.7763102e-25
2.9211837e+02 1.7773763e-25
2.9279200e+02 1.7784467e-25
2.9346718e+02 1.7795215e-25
2.9414391e+02 1.7806007e-25
2.9482221e+02 1.7816841e-25
2.9550207e+02 1.7827720e-25
2.9618350e+02 1.7838643e-25
2.9686651e+02 1.7849610e-25
2.9755108e+02 1.7860620e-25
2.9823724e+02 1.7871676e-25
2.9892498e+02 1.7882775e-25
2.9961430e+02 1.7893919e-25
3.0030521e+02 1.7905108e-25
3.0099772e+02 1.7916342e-25
3.0169182e+02 1.7927620e-25
3.0238752e+02 1.7938944e-25
3.0308483e+02 1.7950313e-25
3.0378375e+02 1.7961727e-25
3.0448428e+02 1.7973187e-25
3.0518642e+02 1.7984693e-25
3.0589018e+02 1.7996244e-25
3.0659557e+02 1.8007841e-25
3.0730258e+02 1.8019484e-25
3.0801122e+02 1.8031174e-25
3.0872150e+02 1.8042909e-25
3.0943341e+02 1.8054691e-25
3.1014697e+02 1.8066520e-25
3.1086217e+02 1.8078395e-25
3.1157902e+02 1.8090318e-25
3.1229752e+02 1.8102287e-25
3.1301768e+02 1.8114303e-25
3.1373950e+02 1.8126367e-25
3.1446299e+02 1.8138478e-25
3.1518814e+02 1.8150636e-25
3.1591497e+02 1.8162843e-25
3.1664347e+02 1.8175097e-25
3.1737365e+02 1.8187399e-25
3.1810552e+02 1.8199749e-25
3.1883907e+02 1.8212147e-25
3.1957432e+02 1.8224594e-25
3.2031126e+02 1.8237089e-25
3.2104990e+02 1.8249633e-25
3.2179024e+02 1.8262225e-25
3.2253229e+02 1.8274867e-25
3.2327606e+02 1.8287557e-25
3.2402153e+02 1.8300297e-25
3.2476873e+02 1.8313086e-25
3.2551765e+02 1.8325925e-25
3.2626829e+02 1.8338813e-25
3.2702067e+02 1.8351751e-25
3.2777478e+02 1.8364738e-25
3.2853063e+02 1.8377776e-25
3.2928823e+02 1.8390864e-25
3.3004757e+02 1.8404002e-25
3.3080866e+02 1.8417191e-25
3.3157151e+02 1.8430431e-25
3.3233612e+02 1.8443721e-25
3.3310249e+02 1.8457062e-25
3.3387062e+02 1.8470454e-25
3.3464053e+02 1.8483897e-25
3.3541221e+02 1.8497391e-25
3.3618568e+02 1.8510937e-25
3.3696092e+02 1.8524534e-25
3.3773796e+02 1.8538184e-25
3.3851679e+02 1.8551885e-25
3.3929741e+02 1.8565638e-25
3.4007983e+02 1.8579443e-25
3.4086406e+02 1.8593300e-25
3.4165009e+02 1.8607210e-25
3.4243794e+02 1.8621172e-25
3.4322760e+02 1.8635188e-25
3.4401909e+02 1.8649256e-25
3.4481240e+02 1.8663377e-25
3.4560754e+02 1.8677551e-25
3.4640451e+02 1.8691778e-25
3.4720333e+02 1.8706059e-25
3.4800398e+02 1.8720393e-25
3.4880648e+02 1.8734782e-25
3.4961083e+02 1.8749223e-25
3.5041703e+02 1.8763719e-25
3.5122510e+02 1.8778270e-25
3.5203503e+02 1.8792874e-25
3.5284682e+02 1.8807533e-25
3.5366049e+02 1.8822246e-25
3.5447603e+02 1.8837014e-25
3.5529346e+02 1.8851837e-25
3.5611277e+02 1.8866715e-25
3.5693397e+02 1.8881648e-25
3.5775706e+02 1.8896636e-25
3.5858205e+02 1.8911680e-25
3.5940894e+02 1.8926779e-25
3.6023774e+02 1.8941935e-25
3.6106845e+02 1.8957145e-25
3.6190108e+02 1.8972412e-25
3.6273563e+02 1.8987735e-25
3.6357210e+02 1.9003115e-25
3.6441050e+02 1.9018550e-25
3.6525083e+02 1.9034043e-25
3.6609310e+02 1.9049592e-25
3.6693731e+02 1.9065198e-25
3.6778347e+02 1.9080861e-25
3.6863159e+02 1.9096581e-25
3.6948165e+02 1.9112358e-25
3.7033368e+02 1.9128193e-25
3.7118767e+02 1.9144085e-25
3.7204364e+02 1.9160035e-25
3.7290157e+02 1.9176043e-25
3.7376148e+02 1.9192109e-25
3.7462338e+02 1.9208233e-25
3.7548727e+02 1.9224416e-25
3.7635314e+02 1.9240656e-25
3.7722102e+02 1.9256956e-25
3.7809089e+02 1.9273314e-25
3.7896277e+02 1.9289731e-25
3.7983666e+02 1.9306207e-25
3.8071257e+02 1.9322742e-25
3.8159049e+02 1.9339337e-25
3.8247044e+02 1.9355991e-25
3.8335242e+02 1.9372704e-25
3.8423644e+02 1.9389477e-25
3.8512249e+02 1.9406311e-25
3.8601059e+02 1.9423204e-25
3.8690073e+02 1.9440157e-25
3.8779292e+02 1.9457171e-25
3.8868718e+02 1.9474245e-25
3.8958349e+02 1.9491379e-25
3.9048188e+02 1.9508575e-25
3.9138233e+02 1.9525831e-25
3.9228486e+02 1.9543148e-25
3.9318947e+02 1.9560527e-25
3.9409617e+02 1.9577966e-25
3.9500496e+02 1.9595468e-25
3.9591584e+02 1.9613030e-25
3.9682883e+02 1.9630655e-25
3.9774392e+02 1.9648341e-25
3.9866112e+02 1.9666090e-25
3.9958044e+02 1.9683900e-25
4.0050187e+02 1.9701773e-25
4.0142543e+02 1.9719709e-25
4.0235112e+02 1.9737707e-25
4.0327895e+02 1.9755767e-25
4.0420891e+02 1.9773891e-25
4.0514102e+02 1.9792077e-25
4.0607528e+02 1.9810327e-25
4.0701169e+02 1.9828640e-25
4.0795026e+02 1.9847016e-25
4.0889100e+02 1.9865456e-25
4.0983390e+02 1.9883960e-25
4.1077898e+02 1.9902528e-25
4.1172624e+02 1.9921159e-25
4.1267569e+02 1.9939855e-25
4.1362732e+02 1.9958615e-25
4.1458115e+02 1.9977440e-25
4.1553718e+02 1.9996329e-25
4.1649541e+02 2.0015282e-25
4.1745585e+02 2.0034301e-25
4.1841851e+02 2.0053384e-25
4.1938338e+02 2.0072533e-25
4.2035048e+02 2.0091747e-25
4.2131982e+02 2.0111027e-25
4.2229138e+02 2.0130371e-25
4.2326519e+02 2.0149782e-25
4.2424124e+02 2.0169259e-25
4.2521955e+02 2.0188801e-25
4.2620010e+02 2.0208409e-25
4.2718293e+02 2.0228084e-25
4.2816801e+02 2.0247825e-25
4.2915537e+02 2.0267633e-25
4.3014501e+02 2.0287507e-25
4.3113692e+02 2.0307448e-25
4.3213113e+02 2.0327457e-25
4.3312763e+02 2.0347532e-25
4.3412642e+02 2.0367674e-25
4.3512752e+02 2.0387884e-25
4.3613093e+02 2.0408161e-25
4.3713665e+02 2.0428506e-25
4.3814469e+02 2.0448919e-25
4.3915506e+02 2.0469399e-25
4.4016775e+02 2.0489948e-25
4.4118278e+02 2.0510565e-25
4.4220015e+02 2.0531250e-25
4.4321987e+02 2.0552004e-25
4.4424194e+02 2.0572826e-25
4.4526636e+02 2.0593717e-25
4.4629315e+02 2.0614678e-25
4.4732231e+02 2.0635707e-25
4.4835383e+02 2.0656805e-25
4.4938774e+02 2.0677973e-25
4.5042403e+02 2.0699210e-25
4.5146271e+02 2.0720518e-25
4.5250379e+02 2.0741895e-25
4.5354727e+02 2.0763342e-25
4.5459315e+02 2.0784859e-25
4.5564145e+02 2.0806447e-25
4.5669216e+02 2.0828106e-25
4.5774529e+02 2.0849836e-25
4.5880086e+02 2.0871637e-25
4.5985886e+02 2.0893511e-25
4.6091930e+02 2.0915456e-25
4.6198218e+02 2.0937474e-25
4.6304751e+02 2.0959566e-25
4.6411530e+02 2.0981732e-25
4.6518556e+02 2.1003975e-25
4.6625828e+02 2.1026297e-25
4.6733347e+02 2.1048700e-25
4.6841115e+02 2.1071192e-25
4.6949131e+02 2.1093783e-25
4.7057396e+02 2.1116493e-25
4.7165911e+02 2.1139364e-25
4.7274676e+02 2.1162506e-25
4.7383691e+02 2.1186246e-25
4.7492958e+02 2.1212067e-25
4.7602478e+02 2.1256016e-25
4.7712249e+02 2.1567708e-25
4.7822274e+02 2.1286414e-25
4.7932553e+02 2.1302316e-25
4.8043085e+02 2.1323904e-25
4.8153873e+02 2.1346588e-25
4.8264916e+02 2.1369666e-25
4.8376216e+02 2.1392950e-25
4.8487772e+02 2.1416371e-25
4.8599585e+02 2.1439901e-25
4.8711656e+02 2.1463525e-25
4.8823985e+02 2.1487235e-25
4.8936574e+02 2.1511028e-25
4.9049422e+02 2.1534900e-25
4.9162530e+02 2.1558851e-25
4.9275899e+02 2.1582879e-25
4.9389530e+02 2.1606983e-25
4.9503423e+02 2.1631164e-25
4.9617578e+02 2.1655420e-25
4.9731996e+02 2.1679753e-25
4.9846679e+02 2.1704160e-25
4.9961626e+02 2.1728644e-25
5.0076837e+02 2.1753203e-25
5.0192315e+02 2.1777837e-25
5.0308059e+02 2.1802547e-25
5.0424070e+02 2.1827333e-25
5.0540348e+02 2.1852195e-25
5.0656894e+02 2.1877132e-25
5.0773710e+02 2.1902145e-25
5.0890794e+02 2.1927235e-25
5.1008149e+02 2.1952400e-25
5.1125774e+02 2.1977641e-25
5.1243670e+02 2.2002959e-25
5.1361839e+02 2.2028353e-25
5.1480279e+02 2.2053824e-25
5.1598993e+02 2.2079371e-25
5.1717981e+02 2.2104995e-25
5.1837243e+02 2.2130695e-25
5.1956780e+02 2.2156472e-25
5.2076593e+02 2.2182327e-25
5.2196682e+02 2.2208258e-25
5.2317048e+02 2.2234266e-25
5.2437691e+02 2.2260352e-25
5.2558613e+02 2.2286515e-25
5.2679814e+02 2.2312756e-25
5.2801294e+02 2.2339074e-25
5.2923054e+02 2.2365469e-25
5.3045095e+02 2.2391943e-25
5.3167417e+02 2.2418494e-25
5.3290022e+02 2.2445123e-25
5.3412909e+02 2.2471830e-25
5.3536079e+02 2.2498615e-25
5.3659534e+02 2.2525479e-25
5.3783273e+02 2.2552421e-25
5.3907298e+02 2.2579441e-25
5.4031609e+02 2.2606539e-25
5.4156206e+02 2.2633717e-25
5.4281090e+02 2.2660973e-25
5.4406263e+02 2.2688307e-25
5.4531724e+02 2.2715721e-25
5.4657475e+02 2.2743213e-25
5.4783515e+02 2.2770785e-25
5.4909847e+02 2.2798436e-25
5.5036469e+02 2.2826166e-25
5.5163384e+02 2.2853975e-25
5.5290591e+02 2.2881863e-25
5.5418091e+02 2.2909832e-25
5.5545886e+02 2.2937879e-25
5.5673975e+02 2.2966007e-25
5.5802360e+02 2.2994214e-25
5.5931040e+02 2.3022500e-25
5.6060018e+02 2.3050867e-25
5.6189293e+02 2.3079314e-25
5.6318866e+02 2.3107841e-25
5.6448737e+02 2.3136447e-25
5.6578909e+02 2.3165135e-25
5.6709380e+02 2.3193902e-25
5.6840152e+02 2.3222750e-25
5.6971226e+02 2.3251678e-25
5.7102602e+02 2.3280687e-25
5.7234281e+02 2.3309776e-25
5.7366264e+02 2.3338946e-25
5.7498551e+02 2.3368197e-25
5.7631143e+02 2.3397528e-25
5.7764041e+02 2.3426940e-25
5.7897245e+02 2.3456434e-25
5.8030757e+02 2.3486008e-25
5.8164576e+02 2.3515664e-25
5.8298704e+02 2.3545400e-25
5.8433141e+02 2.3575218e-25
5.8567889e+02 2.3605117e-25
5.8702947e+02 2.3635097e-25
5.8838316e+02 2.3665159e-25
5.8973998e+02 2.3695303e-25
5.9109992e+02 2.3725527e-25
5.9246300e+02 2.3755834e-25
5.9382923e+02 2.3786222e-25
5.9519860e+02 2.3816692e-25
5.9657113e+02 2.3847243e-25
5.9794683e+02 2.3877877e-25
5.9932570e+02 2.3908592e-25
6.0070775e+02 2.3939389e-25
6.0209299e+02 2.3970268e-25
6.0348142e+02 2.4001230e-25
6.0487305e+02 2.4032273e-25
6.0626789e+02 2.4063398e-25
6.0766595e+02 2.4094606e-25
6.0906723e+02 2.4125896e-25
6.1047175e+02 2.4157268e-25
6.1187950e+02 2.4188722e-25
6.1329050e+02 2.4220259e-25
6.1470475e+02 2.4251878e-25
6.1612226e+02 2.4283580e-25
6.1754305e+02 2.4315364e-25
6.1896711e+02 2.4347231e-25
6.2039445e+02 2.4379180e-25
6.2182508e+02 2.4411212e-25
6.2325902e+02 2.4443326e-25
6.2469626e+02 2.4475524e-25
6.2613681e+02 2.4507804e-25
6.2758069e+02 2.4540166e-25
6.2902789e+02 2.4572612e-25
6.3047844e+02 2.4605140e-25
6.3193232e+02 2.4637751e-25
6.3338957e+02 2.4670445e-25
6.3485017e+02 2.4703222e-25
6.3631414e+02 2.4736081e-25
6.3778148e+02 2.4769024e-25
6.3925221e+02 2.4802050e-25
6.4072633e+02 2.4835158e-25
6.4220385e+02 2.4868350e-25
6.4368478e+02 2.4901625e-25
6.4516912e+02 2.4934982e-25
6.4665688e+02 2.4968423e-25
6.4814808e+02 2.5001947e-25
6.4964271e+02 2.5035554e-25
6.5114080e+02 2.5069243e-25
6.5264233e+02 2.5103017e-25
6.5414733e+02 2.5136873e-25
6.5565580e+02 2.5170812e-25
6.5716775e+02 2.5204834e-25
6.5868318e+02 2.5238940e-25
6.6020211e+02 2.5273129e-25
6.6172454e+02 2.5307400e-25
6.6325048e+02 2.5341755e-25
6.6477994e+02 2.5376193e-25
6.6631293e+02 2.5410715e-25
6.6784945e+02 2.5445319e-25
6.6938952e+02 2.5480006e-25
6.7093314e+02 2.5514777e-25
6.7248031e+02 2.5549631e-25
6.7403106e+02 2.5584568e-25
6.7558538e+02 2.5619587e-25
6.7714328e+02 2.5654690e-25
6.7870478e+02 2.5689877e-25
6.8026988e+02 2.5725146e-25
6.8183859e+02 2.5760498e-25
6.8341091e+02 2.5795933e-25
6.8498686e+02 2.5831452e-25
6.8656645e+02 2.5867053e-25
6.8814967e+02 2.5902737e-25
6.8973655e+02 2.5938505e-25
6.9132709e+02 2.5974355e-25
6.9292130e+02 2.6010289e-25
6.9451918e+02 2.6046305e-25
6.9612074e+02 2.6082405e-25
6.9772600e+02 2.6118588e-25
6.9933497e+02 2.6154855e-25
7.0094764e+02 2.6191205e-25
7.0256403e+02 2.6227640e-25
7.0418415e+02 2.6264161e-25
7.0580800e+02 2.6300769e-25
7.0743560e+02 2.6337470e-25
7.0906695e+02 2.6374274e-25
7.1070206e+02 2.6411217e-25
7.1234095e+02 2.6448456e-25
7.1398361e+02 2.6487599e-25
7.1563006e+02 2.6570253e-25
7.1728031e+02 2.6560394e-25
7.1893437e+02 2.6596785e-25
7.2059223e+02 2.6633929e-25
7.2225393e+02 2.6671275e-25
7.2391945e+02 2.6708739e-25
7.2558881e+02 2.6746300e-25
7.2726203e+02 2.6783951e-25
7.2893910e+02 2.6821687e-25
7.3062004e+02 2.6859507e-25
7.3230485e+02 2.6897410e-25
7.3399355e+02 2.6935396e-25
7.3568615e+02 2.6973464e-25
7.3738265e+02 2.7011613e-25
7.3908306e+02 2.7049844e-25
7.4078739e+02 2.7088157e-25
7.4249565e+02 2.7126550e-25
7.4420785e+02 2.7165025e-25
7.4592400e+02 2.7203581e-25
7.4764410e+02 2.7242218e-25
7.4936818e+02 2.7280936e-25
7.5109623e+02 2.7319734e-25
7.5282826e+02 2.7358613e-25
7.5456429e+02 2.7397573e-25
7.5630432e+02 2.7436613e-25
7.5804836e+02 2.7475733e-25
7.5979643e+02 2.7514933e-25
7.6154852e+02 2.7554213e-25
7.6330466e+02 2.7593573e-25
7.6506485e+02 2.7633013e-25
7.6682909e+02 2.7672533e-25
7.6859741e+02 2.7712132e-25
7.7036980e+02 2.7751810e-25
7.7214628e+02 2.7791568e-25
7.7392685e+02 2.7831405e-25
7.7571153e+02 2.7871321e-25
7.7750033e+02 2.7911316e-25
7.7929325e+02 2.7951390e-25
7.8109031e+02 2.7991542e-25
7.8289151e+02 2.8031773e-25
7.8469686e+02 2.8072082e-25
7.8650638e+02 2.8112470e-25
7.8832007e+02 2.8152935e-25
7.9013794e+02 2.8193479e-25
7.9196000e+02 2.8234100e-25
7.9378627e+02 2.8274799e-25
7.9561675e+02 2.8315575e-25
7.9745144e+02 2.8356429e-25
7.9929037e+02 2.8397359e-25
8.0113354e+02 2.8438367e-25
8.0298096e+02 2.8479452e-25
8.0483264e+02 2.8520613e-25
8.0668859e+02 2.8561850e-25
8.0854882e+02 2.8603164e-25
8.1041334e+02 2.8644554e-25
8.1228216e+02 2.8686020e-25
8.1415529e+02 2.8727562e-25
8.1603274e+02 2.8769179e-25
8.1791452e+02 2.8810872e-25
8.1980064e+02 2.8852639e-25
8.2169110e+02 2.8894482e-25
8.2358593e+02 2.8936399e-25
8.2548512e+02 2.8978392e-25
8.2738870e+02 2.9020458e-25
8.2929666e+02 2.9062599e-25
8.3120903e+02 2.9104813e-25
8.3312580e+02 2.9147102e-25
8.3504700e+02 2.9189464e-25
8.3697262e+02 2.9231899e-25
8.3890269e+02 2.9274407e-25
8.4083720e+02 2.9316988e-25
8.4277618e+02 2.9359642e-25
8.4471963e+02 2.9402369e-25
8.4666756e+02 2.9445167e-25
8.4861998e+02 2.9488038e-25
8.5057690e+02 2.9530980e-25
8.5253834e+02 2.9573993e-25
8.5450430e+02 2.9617078e-25
8.5647479e+02 2.9660234e-25
8.5844983e+02 2.9703460e-25
8.6042942e+02 2.9746757e-25
8.6241358e+02 2.9790125e-25
8.6440231e+02 2.9833562e-25
8.6639563e+02 2.9877069e-25
8.6839354e+02 2.9920645e-25
8.7039607e+02 2.9964290e-25
8.7240321e+02 3.0008004e-25
8.7441498e+02 3.0051787e-25
8.7643138e+02 3.0095638e-25
8.7845244e+02 3.0139557e-25
8.8047816e+02 3.0183544e-25
8.8250855e+02 3.0227599e-25
8.8454362e+02 3.0271720e-25
8.8658338e+02 3.0315908e-25
8.8862785e+02 3.0360163e-25
8.9067703e+02 3.0404484e-25
8.9273094e+02 3.0448871e-25
8.9478959e+02 3.0493324e-25
8.9685298e+02 3.0537841e-25
8.9892113e+02 3.0582424e-25
9.0099405e+02 3.0627072e-25
9.0307175e+02 3.0671783e-25
9.0515424e+02 3.0716559e-25
9.0724153e+02 3.0761399e-25
9.0933364e+02 3.0806301e-25
9.1143057e+02 3.0851267e-25
9.1353233e+02 3.0896295e-25
9.1563894e+02 3.0941386e-25
9.1775041e+02 3.0986538e-25
9.1986675e+02 3.1031752e-25
9.2198797e+02 3.1077028e-25
9.2411408e+02 3.1122364e-25
9.2624510e+02 3.1167760e-25
9.2838103e+02 3.1213217e-25
9.3052188e+02 3.1258734e-25
9.3266767e+02 3.1304310e-25
9.3481841e+02 3.1349945e-25
9.3697411e+02 3.1395639e-25
9.3913478e+02 3.1441392e-25
9.4130043e+02 3.1487203e-25
9.4347108e+02 3.1533075e-25
9.4564673e+02 3.1579008e-25
9.4782740e+02 3.1625010e-25
9.5001309e+02 3.1671122e-25
9.5220383e+02 3.1717819e-25
9.5439962e+02 3.1767458e-25
9.5660047e+02 3.1809647e-25
9.5880640e+02 3.1855756e-25
9.6101742e+02 3.1902030e-25
9.6323353e+02 3.1948379e-25
9.6545475e+02 3.1994788e-25
9.6768110e+02 3.2041252e-25
9.6991258e+02 3.2087770e-25
9.7214920e+02 3.2134341e-25
9.7439099e+02 3.2180963e-25
9.7663794e+02 3.2227636e-25
9.7889008e+02 3.2274360e-25
9.8114740e+02 3.2321133e-25
9.8340994e+02 3.2367956e-25
9.8567769e+02 3.2414828e-25
9.8795067e+02 3.2461748e-25
9.9022889e+02 3.2508715e-25
9.9251237e+02 3.2555730e-25
9.9480111e+02 3.2602792e-25
9.9709513e+02 3.2649900e-25
9.9939443e+02 3.2697054e-25
1.0016990e+03 3.2744253e-25
1.0040090e+03 3.2791497e-25
1.0063242e+03 3.2838785e-25
1.0086448e+03 3.2886116e-25
1.0109708e+03 3.2933491e-25
1.0133021e+03 3.2980907e-25
1.0156387e+03 3.3028366e-25
1.0179808e+03 3.3075867e-25
1.0203283e+03 3.3123408e-25
1.0226812e+03 3.3170989e-25
1.0250395e+03 3.3218610e-25
1.0274032e+03 3.3266270e-25
1.0297724e+03 3.3313969e-25
1.0321471e+03 3.3361705e-25
1.0345272e+03 3.3409479e-25
1.0369129e+03 3.3457289e-25
1.0393040e+03 3.3505136e-25
1.0417006e+03 3.3553018e-25
1.0441028e+03 3.3600934e-25
1.0465105e+03 3.3648885e-25
1.0489238e+03 3.3696870e-25
1.0513426e+03 3.3744887e-25
1.0537670e+03 3.3792937e-25
1.0561970e+03 3.3841019e-25
1.0586326e+03 3.3889131e-25
1.0610738e+03 3.3937274e-25
1.0635207e+03 3.3985446e-25
1.0659731e+03 3.4033648e-25
1.0684313e+03 3.4081878e-25
1.0708951e+03 3.4130135e-25
1.0733646e+03 3.4178419e-25
1.0758398e+03 3.4226730e-25
1.0783207e+03 3.4275066e-25
1.0808073e+03 3.4323427e-25
1.0832996e+03 3.4371812e-25
1.0857977e+03 3.4420220e-25
1.0883016e+03 3.4468651e-25
1.0908112e+03 3.4517104e-25
1.0933266e+03 3.4565579e-25
1.0958479e+03 3.4614073e-25
1.0983749e+03 3.4662587e-25
1.1009078e+03 3.4711121e-25
1.1034465e+03 3.4759672e-25
1.1059910e+03 3.4808241e-25
1.1085414e+03 3.4856826e-25
1.1110977e+03 3.4905427e-25
1.1136599e+03 3.4954043e-25
1.1162281e+03 3.5002674e-25
1.1188021e+03 3.5051317e-25
1.1213820e+03 3.5099974e-25
1.1239680e+03 3.5148642e-25
1.1265598e+03 3.5197321e-25
1.1291577e+03 3.5246010e-25
1.1317615e+03 3.5294709e-25
1.1343714e+03 3.5343416e-25
1.1369873e+03 3.5392130e-25
1.1396092e+03 3.5440852e-25
1.1422371e+03 3.5489579e-25
1.1448711e+03 3.5538311e-25
1.1475112e+03 3.5587047e-25
1.1501574e+03 3.5635786e-25
1.1528096e+03 3.5684528e-25
1.1554680e+03 3.5733271e-25
1.1581325e+03 3.5782015e-25
1.1608032e+03 3.5830758e-25
1.1634800e+03 3.5879500e-25
1.1661630e+03 3.5928239e-25
1.1688522e+03 3.5976976e-25
1.1715476e+03 3.6025708e-25
1.1742492e+03 3.6074436e-25
1.1769570e+03 3.6123157e-25
1.1796711e+03 3.6171872e-25
1.1823914e+03 3.6220581e-25
1.1851180e+03 3.6269286e-25
1.1878509e+03 3.6317999e-25
1.1905901e+03 3.6366952e-25
1.1933356e+03 3.6415924e-25
1.1960875e+03 3.6463998e-25
1.1988456e+03 3.6512598e-25
1.2016102e+03 3.6561210e-25
1.2043811e+03 3.6609811e-25
1.2071584e+03 3.6658396e-25
1.2099421e+03 3.6706964e-25
1.2127323e+03 3.6755513e-25
1.2155288e+03 3.6804042e-25
1.2183319e+03 3.6852550e-25
1.2211413e+03 3.6901034e-25
1.2239573e+03 3.6949496e-25
1.2267798e+03 3.6997932e-25
1.2296087e+03 3.7046342e-25
1.2324442e+03 3.7094725e-25
1.2352862e+03 3.7143081e-25
1.2381348e+03 3.7191406e-25
1.2409900e+03 3.7239701e-25
1.2438517e+03 3.7287965e-25
1.2467200e+03 3.7336195e-25
1.2495950e+03 3.7384392e-25
1.2524766e+03 3.7432553e-25
1.2553648e+03 3.7480678e-25
1.2582597e+03 3.7528765e-25
1.2611612e+03 3.7576814e-25
1.2640695e+03 3.7624822e-25
1.2669844e+03 3.7672789e-25
1.2699061e+03 3.7720713e-25
1.2728345e+03 3.7768594e-25
1.2757697e+03 3.7816430e-25
1.2787116e+03 3.7864219e-25
1.2816603e+03 3.7911960e-25
1.2846158e+03 3.7959653e-25
1.2875782e+03 3.8007295e-25
1.2905473e+03 3.8054886e-25
1.2935233e+03 3.8102424e-25
1.2965062e+03 3.8149908e-25
1.2994960e+03 3.8197336e-25
1.3024926e+03 3.8244708e-25
1.3054962e+03 3.8292021e-25
1.3085067e+03 3.8339274e-25
1.3115241e+03 3.8386467e-25
1.3145485e+03 3.8433597e-25
1.3175798e+03 3.8480664e-25
1.3206182e+03 3.8527665e-25
1.3236635e+03 3.8574600e-25
1.3267159e+03 3.8621467e-25
1.3297753e+03 3.8668264e-25
1.3328418e+03 3.8714990e-25
1.3359154e+03 3.8761644e-25
1.3389960e+03 3.8808225e-25
1.3420837e+03 3.8854729e-25
1.3451786e+03 3.8901158e-25
1.3482806e+03 3.8947507e-25
1.3513897e+03 3.8993777e-25
1.3545060e+03 3.9039966e-25
1.3576295e+03 3.9086072e-25
1.3607602e+03 3.9132093e-25
1.3638982e+03 3.9178029e-25
1.3670433e+03 3.9223877e-25
1.3701957e+03 3.9269636e-25
1.3733554e+03 3.9315304e-25
1.3765224e+03 3.9360880e-25
1.3796966e+03 3.9406362e-25
1.3828782e+03 3.9451748e-25
1.3860672e+03 3.9497038e-25
1.3892634e+03 3.9542228e-25
1.3924671e+03 3.9587318e-25
1.3956781e+03 3.9632306e-25
1.3988966e+03 3.9677191e-25
1.4021224e+03 3.9721970e-25
1.4053558e+03 3.9766641e-25
1.4085965e+03 3.9811204e-25
1.4118448e+03 3.9855657e-25
1.4151005e+03 3.9899997e-25
1.4183637e+03 3.9944224e-25
1.4216345e+03 3.9988336e-25
1.4249128e+03 4.0032337e-25
1.4281986e+03 4.0076273e-25
1.4314921e+03 4.0120560e-25
1.4347931e+03 4.0163602e-25
1.4381017e+03 4.0207088e-25
1.4414180e+03 4.0250461e-25
1.4447419e+03 4.0293708e-25
1.4480735e+03 4.0336826e-25
1.4514128e+03 4.0379812e-25
1.4547598e+03 4.0422664e-25
1.4581144e+03 4.0465380e-25
1.4614769e+03 4.0507958e-25
1.4648470e+03 4.0550397e-25
1.4682250e+03 4.0592694e-25
1.4716107e+03 4.0634847e-25
1.4750043e+03 4.0676854e-25
1.4784056e+03 4.0718715e-25
1.4818149e+03 4.0760425e-25
1.4852319e+03 4.0801984e-25
1.4886569e+03 4.0843390e-25
1.4920897e+03 4.0884640e-25
1.4955305e+03 4.0925732e-25
1.4989792e+03 4.0966665e-25
1.5024359e+03 4.1007436e-25
1.5059005e+03 4.1048043e-25
1.5093731e+03 4.1088485e-25
1.5128538e+03 4.1128758e-25
1.5163424e+03 4.1168862e-25
1.5198391e+03 4.1208793e-25
1.5233439e+03 4.1248550e-25
1.5268567e+03 4.1288131e-25
1.5303776e+03 4.1327533e-25
1.5339067e+03 4.1366754e-25
1.5374439e+03 4.1405793e-25
1.5409893e+03 4.1444646e-25
1.5445428e+03 4.1483312e-25
1.5481045e+03 4.1521788e-25
1.5516745e+03 4.1560072e-25
1.5552526e+03 4.1598163e-25
1.5588391e+03 4.1636056e-25
1.5624338e+03 4.1673752e-25
1.5660367e+03 4.1711246e-25
1.5696480e+03 4.1748537e-25
1.5732677e+03 4.1785622e-25
1.5768956e+03 4.1822500e-25
1.5805320e+03 4.1859167e-25
1.5841767e+03 4.1895621e-25
1.5878298e+03 4.1931861e-25
1.5914913e+03 4.1967883e-25
1.5951613e+03 4.2003685e-25
1.5988398e+03 4.2039265e-25
1.6025267e+03 4.2074620e-25
1.6062222e+03 4.2109748e-25
1.6099261e+03 4.2144646e-25
1.6136386e+03 4.2179312e-25
1.6173597e+03 4.2213744e-25
1.6210893e+03 4.2247938e-25
1.6248276e+03 4.2281893e-25
1.6285744e+03 4.2315605e-25
1.6323300e+03 4.2349073e-25
1.6360941e+03 4.2382293e-25
1.6398670e+03 4.2415263e-25
1.6436485e+03 4.2447981e-25
1.6474388e+03 4.2480444e-25
1.6512378e+03 4.2512649e-25
1.6550456e+03 4.2544594e-25
1.6588621e+03 4.2576277e-25
1.6626874e+03 4.2607696e-25
1.6665216e+03 4.2638879e-25
1.6703646e+03 4.2669879e-25
1.6742165e+03 4.2700324e-25
1.6780773e+03 4.2730642e-25
1.6819469e+03 4.2760687e-25
1.6858255e+03 4.2790449e-25
1.6897130e+03 4.2819928e-25
1.6936095e+03 4.2849119e-25
1.6975150e+03 4.2878019e-25
1.7014295e+03 4.2906626e-25
1.7053530e+03 4.2934936e-25
1.7092855e+03 4.2962948e-25
1.7132272e+03 4.2990657e-25
1.7171779e+03 4.3018062e-25
1.7211377e+03 4.3045158e-25
1.7251067e+03 4.3071945e-25
1.7290848e+03 4.3098417e-25
1.7330721e+03 4.3124573e-25
1.7370685e+03 4.3150409e-25
1.7410742e+03 4.3175922e-25
1.7450892e+03 4.3201110e-25
1.7491133e+03 4.3225970e-25
1.7531468e+03 4.3250497e-25
1.7571896e+03 4.3274690e-25
1.7612417e+03 4.3298546e-25
1.7653031e+03 4.3322060e-25
1.7693739e+03 4.3345230e-25
1.7734541e+03 4.3368054e-25
1.7775437e+03 4.3390527e-25
1.7816427e+03 4.3412647e-25
1.7857512e+03 4.3434410e-25
1.7898692e+03 4.3455813e-25
1.7939966e+03 4.3476854e-25
1.7981336e+03 4.3497528e-25
1.8022801e+03 4.3517834e-25
1.8064362e+03 4.3537766e-25
1.8106018e+03 4.3557323e-25
1.8147771e+03 4.3576501e-25
1.8189620e+03 4.3595296e-25
1.8231565e+03 4.3613705e-25
1.8273607e+03 4.3631726e-25
1.8315746e+03 4.3649354e-25
1.8357983e+03 4.3666586e-25
1.8400316e+03 4.3683419e-25
1.8442748e+03 4.3699850e-25
1.8485277e+03 4.3715874e-25
1.8527904e+03 4.3731490e-25
1.8570629e+03 4.3746692e-25
1.8613453e+03 4.3761479e-25
1.8656376e+03 4.3775845e-25
1.8699398e+03 4.3789789e-25
1.8742519e+03 4.3803305e-25
1.8785739e+03 4.3816392e-25
1.8829059e+03 4.3829044e-25
1.8872479e+03 4.3841260e-25
1.8915999e+03 4.3853035e-25
1.8959620e+03 4.3864365e-25
1.9003341e+03 4.3875250e-25
1.9047163e+03 4.3885700e-25
1.9091086e+03 4.3895725e-25
1.9135110e+03 4.3905172e-25
1.9179235e+03 4.3914222e-25
1.9223463e+03 4.3922808e-25
1.9267792e+03 4.3930924e-25
1.9312224e+03 4.3938567e-25
1.9356758e+03 4.3945733e-25
1.9401395e+03 4.3952418e-25
1.9446135e+03 4.3958617e-25
1.9490978e+03 4.3964328e-25
1.9535924e+03 4.3969546e-25
1.9580974e+03 4.3974268e-25
1.9626128e+03 4.3978490e-25
1.9671386e+03 4.3982208e-25
1.9716748e+03 4.3985417e-25
1.9762215e+03 4.3988116e-25
1.9807787e+03 4.3990298e-25
1.9853464e+03 4.3991961e-25
1.9899246e+03 4.3993101e-25
1.9945134e+03 4.3993713e-25
1.9991128e+03 4.3993794e-25
2.0037227e+03 4.3993340e-25
2.0083433e+03 4.3992346e-25
2.0129746e+03 4.3990809e-25
2.0176165e+03 4.3988725e-25
2.0222692e+03 4.3986090e-25
2.0269325e+03 4.3982899e-25
2.0316067e+03 4.3979149e-25
2.0362916e+03 4.3974835e-25
2.0409873e+03 4.3969954e-25
2.0456938e+03 4.3964502e-25
2.0504112e+03 4.3958474e-25
2.0551394e+03 4.3951865e-25
2.0598786e+03 4.3944673e-25
2.0646287e+03 4.3936893e-25
2.0693898e+03 4.3928520e-25
2.0741618e+03 4.3919551e-25
2.0789448e+03 4.3909982e-25
2.0837389e+03 4.3899807e-25
2.0885440e+03 4.3889024e-25
2.0933602e+03 4.3877627e-25
2.0981875e+03 4.3865612e-25
2.1030259e+03 4.3852976e-25
2.1078755e+03 4.3839713e-25
2.1127363e+03 4.3825820e-25
2.1176083e+03 4.3811293e-25
2.1224915e+03 4.3796126e-25
2.1273860e+03 4.3780316e-25
2.1322918e+03 4.3763859e-25
2.1372088e+03 4.3746751e-25
2.1421373e+03 4.3728992e-25
2.1470771e+03 4.3710665e-25
2.1520282e+03 4.3691468e-25
2.1569908e+03 4.3671704e-25
2.1619649e+03 4.3651268e-25
2.1669504e+03 4.3630154e-25
2.1719474e+03 4.3608357e-25
2.1769559e+03 4.3585874e-25
2.1819760e+03 4.3562698e-25
2.1870076e+03 4.3538827e-25
2.1920509e+03 4.3514255e-25
2.1971058e+03 4.3488978e-25
2.2021723e+03 4.3462991e-25
2.2072505e+03 4.3436290e-25
2.2123405e+03 4.3408871e-25
2.2174421e+03 4.3380728e-25
2.2225556e+03 4.3351858e-25
2.2276808e+03 4.3322256e-25
2.2328179e+03 4.3291917e-25
2.2379668e+03 4.3260837e-25
2.2431275e+03 4.3229012e-25
2.2483002e+03 4.3196435e-25
2.2534848e+03 4.3163104e-25
2.2586814e+03 4.3129014e-25
2.2638899e+03 4.3094159e-25
2.2691104e+03 4.3058535e-25
2.2743430e+03 4.3022139e-25
2.2795877e+03 4.2984964e-25
2.2848444e+03 4.2947772e-25
2.2901133e+03 4.2909807e-25
2.2953943e+03 4.2871052e-25
2.3006875e+03 4.2831505e-25
2.3059929e+03 4.2791160e-25
2.3113105e+03 4.2750013e-25
2.3166404e+03 4.2708059e-25
2.3219826e+03 4.2665293e-25
2.3273371e+03 4.2621712e-25
2.3327040e+03 4.2577310e-25
2.3380832e+03 4.2532084e-25
2.3434749e+03 4.2486027e-25
2.3488789e+03 4.2439136e-25
2.3542955e+03 4.2391407e-25
2.3597245e+03 4.2342834e-25
2.3651660e+03 4.2293413e-25
2.3706201e+03 4.2243139e-25
2.3760868e+03 4.2192010e-25
2.3815661e+03 4.2140029e-25
2.3870580e+03 4.2087172e-25
2.3925626e+03 4.2033429e-25
2.3980798e+03 4.1978823e-25
2.4036098e+03 4.1923338e-25
2.4091526e+03 4.1866968e-25
2.4147081e+03 4.1809710e-25
2.4202764e+03 4.1751558e-25
2.4258576e+03 4.1692508e-25
2.4314516e+03 4.1632555e-25
2.4370586e+03 4.1571695e-25
2.4426785e+03 4.1509924e-25
2.4483113e+03 4.1447236e-25
2.4539571e+03 4.1383628e-25
2.4596160e+03 4.1319095e-25
2.4652879e+03 4.1253632e-25
2.4709728e+03 4.1187236e-25
2.4766709e+03 4.1119901e-25
2.4823821e+03 4.1051623e-25
2.4881065e+03 4.0982398e-25
2.4938441e+03 4.0912221e-25
2.4995949e+03 4.0841088e-25
2.5053590e+03 4.0768995e-25
2.5111364e+03 4.0695938e-25
2.5169271e+03 4.0621911e-25
2.5227312e+03 4.0546911e-25
2.5285486e+03 4.0470933e-25
2.5343794e+03 4.0393974e-25
2.5402237e+03 4.0316029e-25
2.5460815e+03 4.0237093e-25
2.5519528e+03 4.0157163e-25
2.5578376e+03 4.0076234e-25
2.5637360e+03 3.9994303e-25
2.5696480e+03 3.9911365e-25
2.5755736e+03 3.9827415e-25
2.5815129e+03 3.9742451e-25
2.5874659e+03 3.9656468e-25
2.5934326e+03 3.9569462e-25
2.5994131e+03 3.9481429e-25
2.6054074e+03 3.9392365e-25
2.6114155e+03 3.9302267e-25
2.6174374e+03 3.9211132e-25
2.6234732e+03 3.9119167e-25
2.6295230e+03 3.9025726e-25
2.6355867e+03 3.8931449e-25
2.6416644e+03 3.8836119e-25
2.6477561e+03 3.8739733e-25
2.6538618e+03 3.8642286e-25
2.6599816e+03 3.8543774e-25
2.6661156e+03 3.8444195e-25
2.6722637e+03 3.8343544e-25
2.6784259e+03 3.8241819e-25
2.6846024e+03 3.8139015e-25
2.6907931e+03 3.8035130e-25
2.6969981e+03 3.7930161e-25
2.7032174e+03 3.7824103e-25
2.7094510e+03 3.7716955e-25
2.7156991e+03 3.7608713e-25
2.7219615e+03 3.7499374e-25
2.7282383e+03 3.7388935e-25
2.7345297e+03 3.7277393e-25
2.7408355e+03 3.7164745e-25
2.7471559e+03 3.7050990e-25
2.7534909e+03 3.6936123e-25
2.7598405e+03 3.6820143e-25
2.7662047e+03 3.6703047e-25
2.7725836e+03 3.6584832e-25
2.7789772e+03 3.6465497e-25
2.7853855e+03 3.6345039e-25
2.7918086e+03 3.6223456e-25
2.7982465e+03 3.6100745e-25
2.8046993e+03 3.5976906e-25
2.8111670e+03 3.5851935e-25
2.8176496e+03 3.5725832e-25
2.8241471e+03 3.5598594e-25
2.8306596e+03 3.5470220e-25
2.8371871e+03 3.5340709e-25
2.8437297e+03 3.5210059e-25
2.8502873e+03 3.5078269e-25
2.8568601e+03 3.4945342e-25
2.8634481e+03 3.4811281e-25
2.8700512e+03 3.4676049e-25
2.8766696e+03 3.4539689e-25
2.8833032e+03 3.4402185e-25
2.8899521e+03 3.4263536e-25
2.8966164e+03 3.4123743e-25
2.9032960e+03 3.3982804e-25
2.9099910e+03 3.3840721e-25
2.9167015e+03 3.3697492e-25
2.9234274e+03 3.3553119e-25
2.9301688e+03 3.3407602e-25
2.9369258e+03 3.3260942e-25
2.9436984e+03 3.3113139e-25
2.9504866e+03 3.2964195e-25
2.9572904e+03 3.2814111e-25
2.9641100e+03 3.2662887e-25
2.9709452e+03 3.2510527e-25
2.9777963e+03 3.2357031e-25
2.9846631e+03 3.2202402e-25
2.9915457e+03 3.2046642e-25
2.9984443e+03 3.1889754e-25
3.0053587e+03 3.1731739e-25
3.0122891e+03 3.1572603e-25
3.0192354e+03 3.1412346e-25
3.0261978e+03 3.1250974e-25
3.0331763e+03 3.1088490e-25
3.0401708e+03 3.0924898e-25
3.0471814e+03 3.0760202e-25
3.0542083e+03 3.0594407e-25
3.0612513e+03 3.0427518e-25
3.0683106e+03 3.0259540e-25
3.0753861e+03 3.0090479e-25
3.0824780e+03 2.9920342e-25
3.0895862e+03 2.9749134e-25
3.0967108e+03 2.9576869e-25
3.1038518e+03 2.9403536e-25
3.1110093e+03 2.9229153e-25
3.1181833e+03 2.9053733e-25
3.1253739e+03 2.8877280e-25
3.1325810e+03 2.8699802e-25
3.1398048e+03 2.8521310e-25
3.1470452e+03 2.8341812e-25
3.1543023e+03 2.8161320e-25
3.1615762e+03 2.7979843e-25
3.1688668e+03 2.7797393e-25
3.1761742e+03 2.7613982e-25
3.1834985e+03 2.7429622e-25
3.1908397e+03 2.7244327e-25
3.1981978e+03 2.7058110e-25
3.2055728e+03 2.6870984e-25
3.2129649e+03 2.6682967e-25
3.2203740e+03 2.6494072e-25
3.2278002e+03 2.6304316e-25
3.2352436e+03 2.6113717e-25
3.2427041e+03 2.5922293e-25
3.2501818e+03 2.5730062e-25
3.2576767e+03 2.5537044e-25
3.2651889e+03 2.5343259e-25
3.2727185e+03 2.5148730e-25
3.2802654e+03 2.4953478e-25
3.2878297e+03 2.4757527e-25
3.2954115e+03 2.4560901e-25
3.3030107e+03 2.4363627e-25
3.3106275e+03 2.4165731e-25
3.3182618e+03 2.3967241e-25
3.3259138e+03 2.3768186e-25
3.3335833e+03 2.3568600e-25
3.3412706e+03 2.3368513e-25
3.3489756e+03 2.3167946e-25
3.3566984e+03 2.2966951e-25
3.3644389e+03 2.2765559e-25
3.3721974e+03 2.2563809e-25
3.3799737e+03 2.2361738e-25
3.3877679e+03 2.2159390e-25
3.3955801e+03 2.1956807e-25
3.4034104e+03 2.1754035e-25
3.4112587e+03 2.1551121e-25
3.4191251e+03 2.1348115e-25
3.4270096e+03 2.1145069e-25
3.4349123e+03 2.0942037e-25
3.4428332e+03 2.0739076e-25
3.4507724e+03 2.0536243e-25
3.4587299e+03 2.0333603e-25
3.4667058e+03 2.0131218e-25
3.4747000e+03 1.9929157e-25
3.4827127e+03 1.9727490e-25
3.4907439e+03 1.9526291e-25
3.4987936e+03 1.9325636e-25
3.5068618e+03 1.9125607e-25
3.5149487e+03 1.8926288e-25
3.5230542e+03 1.8727765e-25
3.5311784e+03 1.8530131e-25
3.5393213e+03 1.8333482e-25
3.5474830e+03 1.8137918e-25
3.5556635e+03 1.7943543e-25
3.5638629e+03 1.7750466e-25
3.5720812e+03 1.7558803e-25
3.5803184e+03 1.7368669e-25
3.5885747e+03 1.7180180e-25
3.5968500e+03 1.6993479e-25
3.6051443e+03 1.6808693e-25
3.6134578e+03 1.6625962e-25
3.6217905e+03 1.6445431e-25
3.6301424e+03 1.6267249e-25
3.6385135e+03 1.6091573e-25
3.6469039e+03 1.5918566e-25
3.6553137e+03 1.5748393e-25
3.6637429e+03 1.5581229e-25
3.6721915e+03 1.5417253e-25
3.6806596e+03 1.5256650e-25
3.6891472e+03 1.5099610e-25
3.6976544e+03 1.4946330e-25
3.7061813e+03 1.4797009e-25
3.7147277e+03 1.4651855e-25
3.7232939e+03 1.4511076e-25
3.7318799e+03 1.4374889e-25
3.7404856e+03 1.4243512e-25
3.7491112e+03 1.4117165e-25
3.7577567e+03 1.3996071e-25
3.7664221e+03 1.3880458e-25
3.7751075e+03 1.3770549e-25
3.7838129e+03 1.3666572e-25
3.7925384e+03 1.3568751e-25
3.8012841e+03 1.3477308e-25
3.8100498e+03 1.3392466e-25
3.8188359e+03 1.3314434e-25
3.8276421e+03 1.3243414e-25
3.8364687e+03 1.3179621e-25
3.8453156e+03 1.3123242e-25
3.8541829e+03 1.3074461e-25
3.8630707e+03 1.3033448e-25
3.8719790e+03 1.3000364e-25
3.8809078e+03 1.2975353e-25
3.8898572e+03 1.2958547e-25
3.8988272e+03 1.2950061e-25
3.9078180e+03 1.2949994e-25
3.9168294e+03 1.2958426e-25
3.9258617e+03 1.2975422e-25
3.9349147e+03 1.3001025e-25
3.9439887e+03 1.3035262e-25
3.9530835e+03 1.3078142e-25
3.9621994e+03 1.3129652e-25
3.9713362e+03 1.3189765e-25
3.9804942e+03 1.3258435e-25
3.9896732e+03 1.3335596e-25
3.9988734e+03 1.3421171e-25
4.0080949e+03 1.3515064e-25
4.0173376e+03 1.3617165e-25
4.0266016e+03 1.3727353e-25
4.0358870e+03 1.3845494e-25
4.0451937e+03 1.3971441e-25
4.0545220e+03 1.4105110e-25
4.0638718e+03 1.4246128e-25
4.0732431e+03 1.4394534e-25
4.0826360e+03 1.4550082e-25
4.0920506e+03 1.4712592e-25
4.1014869e+03 1.4881877e-25
4.1109450e+03 1.5057751e-25
4.1204248e+03 1.5240022e-25
4.1299266e+03 1.5428501e-25
4.1394502e+03 1.5622996e-25
4.1489958e+03 1.5823318e-25
4.1585634e+03 1.6029275e-25
4.1681531e+03 1.6240681e-25
4.1777649e+03 1.6457349e-25
4.1873988e+03 1.6679097e-25
4.1970550e+03 1.6905745e-25
4.2067335e+03 1.7137115e-25
4.2164342e+03 1.7373034e-25
4.2261574e+03 1.7613332e-25
4.2359029e+03 1.7857843e-25
4.2456709e+03 1.8106404e-25
4.2554615e+03 1.8358858e-25
4.2652746e+03 1.8615050e-25
4.2751104e+03 1.8874829e-25
4.2849688e+03 1.9138051e-25
4.2948500e+03 1.9404575e-25
4.3047539e+03 1.9674249e-25
4.3146807e+03 1.9946955e-25
4.3246304e+03 2.0222555e-25
4.3346030e+03 2.0500922e-25
4.3445987e+03 2.0781933e-25
4.3546173e+03 2.1065467e-25
4.3646591e+03 2.1351407e-25
4.3747241e+03 2.1639639e-25
4.3848122e+03 2.1930052e-25
4.3949236e+03 2.2222539e-25
4.4050583e+03 2.2516994e-25
4.4152164e+03 2.2813315e-25
4.4253980e+03 2.3111402e-25
4.4356030e+03 2.3411158e-25
4.4458315e+03 2.3712488e-25
4.4560836e+03 2.4015301e-25
4.4663594e+03 2.4319504e-25
4.4766588e+03 2.4625010e-25
4.4869821e+03 2.4931733e-25
4.4973291e+03 2.5239587e-25
4.5076999e+03 2.5548490e-25
4.5180947e+03 2.5858361e-25
4.5285135e+03 2.6169131e-25
4.5389563e+03 2.6480690e-25
4.5494231e+03 2.6792992e-25
4.5599142e+03 2.7105953e-25
4.5704294e+03 2.7419497e-25
4.5809688e+03 2.7733552e-25
4.5915325e+03 2.8048046e-25
4.6021207e+03 2.8362908e-25
4.6127332e+03 2.8678069e-25
4.6233702e+03 2.8993459e-25
4.6340317e+03 2.9309010e-25
4.6447178e+03 2.9624656e-25
4.6554286e+03 2.9940329e-25
4.6661640e+03 3.0255964e-25
4.6769242e+03 3.0571496e-25
4.6877093e+03 3.0886860e-25
4.6985192e+03 3.1201992e-25
4.7093540e+03 3.1516829e-25
4.7202138e+03 3.1831308e-25
4.7310986e+03 3.2145367e-25
4.7420086e+03 3.2458943e-25
4.7529437e+03 3.2771975e-25
4.7639040e+03 3.3084402e-25
4.7748896e+03 3.3396162e-25
4.7859005e+03 3.3707194e-25
4.7969369e+03 3.4017439e-25
4.8079986e+03 3.4326837e-25
4.8190859e+03 3.4635327e-25
4.8301988e+03 3.4942849e-25
4.8413372e+03 3.5249344e-25
4.8525014e+03 3.5554753e-25
4.8636913e+03 3.5859016e-25
4.8749070e+03 3.6162074e-25
4.8861486e+03 3.6463868e-25
4.8974161e+03 3.6764338e-25
4.9087096e+03 3.7063427e-25
4.9200291e+03 3.7361075e-25
4.9313747e+03 3.7657223e-25
4.9427465e+03 3.7951813e-25
4.9541445e+03 3.8244785e-25
4.9655688e+03 3.8536081e-25
4.9770194e+03 3.8825642e-25
4.9884965e+03 3.9113409e-25
5.0000000e+03 3.9399324e-25
