5.0000000e+00 2.6548843e-20
5.0115300e+00 2.8638661e-20
5.0230867e+00 3.1261354e-20
5.0346699e+00 3.4636788e-20
5.0462799e+00 3.9125814e-20
5.0579167e+00 4.5364792e-20
5.0695803e+00 5.4590509e-20
5.0812708e+00 6.9566796e-20
5.0929882e+00 9.7993384e-20
5.1047327e+00 1.7241145e-19
5.1165042e+00 8.6802540e-19
5.1283029e+00 2.6675272e-19
5.1401288e+00 1.1222112e-19
5.1519820e+00 6.9714108e-20
5.1638625e+00 4.9854166e-20
5.1757704e+00 3.8367607e-20
5.1877058e+00 3.0892701e-20
5.1996687e+00 2.5648568e-20
5.2116592e+00 2.1772303e-20
5.2236773e+00 1.8795028e-20
5.2357231e+00 1.6440038e-20
5.2477968e+00 1.4533502e-20
5.2598982e+00 1.2960724e-20
5.2720276e+00 1.1642971e-20
5.2841849e+00 1.0524406e-20
5.2963703e+00 9.5643324e-21
5.3085838e+00 8.7323867e-21
5.3208254e+00 8.0054592e-21
5.3330953e+00 7.3656505e-21
5.3453934e+00 6.7988821e-21
5.3577199e+00 6.2939305e-21
5.3700749e+00 5.8417383e-21
5.3824583e+00 5.4349173e-21
5.3948703e+00 5.0673809e-21
5.4073109e+00 4.7340708e-21
5.4197802e+00 4.4307485e-21
5.4322783e+00 4.1538367e-21
5.4448051e+00 3.9002953e-21
5.4573609e+00 3.6675247e-21
5.4699456e+00 3.4532890e-21
5.4825594e+00 3.2556552e-21
5.4952022e+00 3.0729432e-21
5.5078742e+00 2.9036867e-21
5.5205754e+00 2.7466000e-21
5.5333058e+00 2.6005512e-21
5.5460657e+00 2.4645404e-21
5.5588550e+00 2.3376809e-21
5.5716737e+00 2.2191837e-21
5.5845220e+00 2.1083447e-21
5.5974000e+00 2.0045337e-21
5.6103076e+00 1.9071848e-21
5.6232451e+00 1.8157890e-21
5.6362123e+00 1.7298868e-21
5.6492094e+00 1.6490627e-21
5.6622366e+00 1.5729401e-21
5.6752937e+00 1.5011767e-21
5.6883810e+00 1.4334612e-21
5.7014985e+00 1.3695094e-21
5.7146461e+00 1.3090618e-21
5.7278242e+00 1.2518808e-21
5.7410326e+00 1.1977485e-21
5.7542714e+00 1.1464647e-21
5.7675408e+00 1.0978455e-21
5.7808408e+00 1.0517213e-21
5.7941715e+00 1.0079356e-21
5.8075329e+00 9.6634390e-22
5.8209251e+00 9.2681253e-22
5.8343482e+00 8.8921767e-22
5.8478023e+00 8.5344450e-22
5.8612873e+00 8.1938641e-22
5.8748035e+00 7.8694432e-22
5.8883508e+00 7.5602603e-22
5.9019294e+00 7.2654568e-22
5.9155393e+00 6.9842318e-22
5.9291806e+00 6.7158381e-22
5.9428533e+00 6.4595776e-22
5.9565576e+00 6.2147974e-22
5.9702935e+00 5.9808867e-22
5.9840610e+00 5.7572732e-22
5.9978603e+00 5.5434205e-22
6.0116914e+00 5.3388255e-22
6.0255544e+00 5.1430155e-22
6.0394494e+00 4.9555466e-22
6.0533764e+00 4.7760013e-22
6.0673355e+00 4.6039868e-22
6.0813269e+00 4.4391333e-22
6.0953505e+00 4.2810923e-22
6.1094064e+00 4.1295351e-22
6.1234947e+00 3.9841519e-22
6.1376155e+00 3.8446499e-22
6.1517689e+00 3.7107528e-22
6.1659550e+00 3.5821994e-22
6.1801737e+00 3.4587426e-22
6.1944252e+00 3.3401488e-22
6.2087096e+00 3.2261968e-22
6.2230269e+00 3.1166769e-22
6.2373773e+00 3.0113907e-22
6.2517607e+00 2.9101499e-22
6.2661773e+00 2.8127759e-22
6.2806272e+00 2.7190994e-22
6.2951104e+00 2.6289595e-22
6.3096269e+00 2.5422033e-22
6.3241770e+00 2.4586858e-22
6.3387606e+00 2.3782688e-22
6.3533778e+00 2.3008213e-22
6.3680288e+00 2.2262183e-22
6.3827135e+00 2.1543410e-22
6.3974321e+00 2.0850761e-22
6.4121846e+00 2.0183161e-22
6.4269711e+00 1.9539581e-22
6.4417918e+00 1.8919044e-22
6.4566466e+00 1.8320615e-22
6.4715357e+00 1.7743405e-22
6.4864591e+00 1.7186564e-22
6.5014169e+00 1.6649282e-22
6.5164092e+00 1.6130784e-22
6.5314361e+00 1.5630332e-22
6.5464977e+00 1.5147218e-22
6.5615939e+00 1.4680770e-22
6.5767250e+00 1.4230340e-22
6.5918910e+00 1.3795313e-22
6.6070920e+00 1.3375097e-22
6.6223280e+00 1.2969130e-22
6.6375991e+00 1.2576870e-22
6.6529055e+00 1.2197800e-22
6.6682471e+00 1.1831426e-22
6.6836241e+00 1.1477272e-22
6.6990366e+00 1.1134884e-22
6.7144846e+00 1.0803828e-22
6.7299683e+00 1.0483686e-22
6.7454877e+00 1.0174057e-22
6.7610428e+00 9.8745587e-23
6.7766338e+00 9.5848224e-23
6.7922608e+00 9.3044953e-23
6.8079238e+00 9.0332387e-23
6.8236229e+00 8.7707274e-23
6.8393582e+00 8.5166494e-23
6.8551299e+00 8.2707049e-23
6.8709378e+00 8.0326062e-23
6.8867823e+00 7.8020769e-23
6.9026632e+00 7.5788513e-23
6.9185808e+00 7.3626741e-23
6.9345351e+00 7.1533000e-23
6.9505262e+00 6.9504932e-23
6.9665542e+00 6.7540268e-23
6.9826191e+00 6.5636829e-23
6.9987211e+00 6.3792516e-23
7.0148602e+00 6.2005311e-23
7.0310365e+00 6.0273272e-23
7.0472502e+00 5.8594531e-23
7.0635012e+00 5.6967288e-23
7.0797897e+00 5.5389813e-23
7.0961157e+00 5.3860436e-23
7.1124794e+00 5.2377554e-23
7.1288808e+00 5.0939619e-23
7.1453201e+00 4.9545141e-23
7.1617972e+00 4.8192684e-23
7.1783124e+00 4.6880866e-23
7.1948656e+00 4.5608354e-23
7.2114571e+00 4.4373861e-23
7.2280867e+00 4.3176150e-23
7.2447548e+00 4.2014025e-23
7.2614612e+00 4.0886335e-23
7.2782062e+00 3.9791968e-23
7.2949898e+00 3.8729854e-23
7.3118121e+00 3.7698958e-23
7.3286732e+00 3.6698282e-23
7.3455732e+00 3.5726864e-23
7.3625121e+00 3.4783775e-23
7.3794901e+00 3.3868117e-23
7.3965073e+00 3.2979025e-23
7.4135637e+00 3.2115664e-23
7.4306594e+00 3.1277225e-23
7.4477946e+00 3.0462930e-23
7.4649693e+00 2.9672025e-23
7.4821835e+00 2.8903783e-23
7.4994375e+00 2.8157502e-23
7.5167313e+00 2.7432502e-23
7.5340649e+00 2.6728128e-23
7.5514385e+00 2.6043745e-23
7.5688522e+00 2.5378740e-23
7.5863060e+00 2.4732522e-23
7.6038001e+00 2.4104518e-23
7.6213345e+00 2.3494173e-23
7.6389094e+00 2.2900953e-23
7.6565248e+00 2.2324339e-23
7.6741808e+00 2.1763832e-23
7.6918775e+00 2.1218945e-23
7.7096150e+00 2.0689212e-23
7.7273934e+00 2.0174178e-23
7.7452129e+00 1.9673405e-23
7.7630734e+00 1.9186468e-23
7.7809751e+00 1.8712957e-23
7.7989181e+00 1.8252473e-23
7.8169025e+00 1.7804633e-23
7.8349283e+00 1.7369063e-23
7.8529957e+00 1.6945403e-23
7.8711048e+00 1.6533303e-23
7.8892556e+00 1.6132426e-23
7.9074483e+00 1.5742444e-23
7.9256829e+00 1.5363039e-23
7.9439596e+00 1.4993904e-23
7.9622784e+00 1.4634743e-23
7.9806395e+00 1.4285265e-23
7.9990429e+00 1.3945193e-23
8.0174888e+00 1.3614256e-23
8.0359772e+00 1.3292191e-23
8.0545082e+00 1.2978743e-23
8.0730819e+00 1.2673668e-23
8.0916985e+00 1.2376725e-23
8.1103581e+00 1.2087683e-23
8.1290606e+00 1.1806319e-23
8.1478063e+00 1.1532414e-23
8.1665952e+00 1.1265758e-23
8.1854274e+00 1.1006146e-23
8.2043031e+00 1.0753379e-23
8.2232223e+00 1.0507266e-23
8.2421851e+00 1.0267619e-23
8.2611916e+00 1.0034258e-23
8.2802420e+00 9.8070077e-24
8.2993363e+00 9.5856967e-24
8.3184746e+00 9.3701603e-24
8.3376571e+00 9.1602381e-24
8.3568838e+00 8.9557745e-24
8.3761548e+00 8.7566184e-24
8.3954703e+00 8.5626235e-24
8.4148303e+00 8.3736473e-24
8.4342350e+00 8.1895519e-24
8.4536844e+00 8.0102032e-24
8.4731786e+00 7.8354711e-24
8.4927179e+00 7.6652293e-24
8.5123021e+00 7.4993551e-24
8.5319316e+00 7.3377294e-24
8.5516063e+00 7.1802365e-24
8.5713263e+00 7.0267642e-24
8.5910919e+00 6.8772032e-24
8.6109030e+00 6.7314477e-24
8.6307598e+00 6.5893947e-24
8.6506624e+00 6.4509442e-24
8.6706109e+00 6.3159991e-24
8.6906054e+00 6.1844650e-24
8.7106460e+00 6.0562502e-24
8.7307328e+00 5.9312655e-24
8.7508660e+00 5.8094243e-24
8.7710455e+00 5.6906426e-24
8.7912716e+00 5.5748384e-24
8.8115444e+00 5.4619323e-24
8.8318638e+00 5.3518470e-24
8.8522302e+00 5.2445074e-24
8.8726435e+00 5.1398404e-24
8.8931039e+00 5.0377751e-24
8.9136114e+00 4.9382423e-24
8.9341663e+00 4.8411750e-24
8.9547686e+00 4.7465078e-24
8.9754183e+00 4.6541773e-24
8.9961157e+00 4.5641218e-24
9.0168608e+00 4.4762811e-24
9.0376538e+00 4.3905970e-24
9.0584947e+00 4.3070125e-24
9.0793836e+00 4.2254725e-24
9.1003208e+00 4.1459232e-24
9.1213062e+00 4.0683122e-24
9.1423400e+00 3.9925887e-24
9.1634223e+00 3.9187032e-24
9.1845532e+00 3.8466075e-24
9.2057328e+00 3.7762547e-24
9.2269613e+00 3.7075993e-24
9.2482388e+00 3.6405969e-24
9.2695653e+00 3.5752042e-24
9.2909410e+00 3.5113792e-24
9.3123660e+00 3.4490811e-24
9.3338403e+00 3.3882699e-24
9.3553642e+00 3.3289070e-24
9.3769378e+00 3.2709546e-24
9.3985611e+00 3.2143759e-24
9.4202342e+00 3.1591353e-24
9.4419574e+00 3.1051980e-24
9.4637306e+00 3.0525300e-24
9.4855540e+00 3.0010984e-24
9.5074278e+00 2.9508711e-24
9.5293520e+00 2.9018169e-24
9.5513267e+00 2.8539053e-24
9.5733522e+00 2.8071066e-24
9.5954284e+00 2.7613921e-24
9.6175555e+00 2.7167336e-24
9.6397337e+00 2.6731039e-24
9.6619630e+00 2.6304763e-24
9.6842435e+00 2.5888249e-24
9.7065755e+00 2.5481245e-24
9.7289589e+00 2.5083504e-24
9.7513940e+00 2.4694788e-24
9.7738808e+00 2.4314865e-24
9.7964194e+00 2.3943506e-24
9.8190100e+00 2.3580492e-24
9.8416527e+00 2.3225607e-24
9.8643477e+00 2.2878643e-24
9.8870949e+00 2.2539396e-24
9.9098946e+00 2.2207667e-24
9.9327469e+00 2.1883263e-24
9.9556519e+00 2.1565997e-24
9.9786097e+00 2.1255685e-24
1.0001620e+01 2.0952150e-24
1.0024684e+01 2.0655312e-24
1.0047801e+01 2.0365064e-24
1.0070972e+01 2.0081228e-24
1.0094195e+01 1.9803629e-24
1.0117473e+01 1.9532101e-24
1.0140804e+01 1.9266479e-24
1.0164188e+01 1.9006604e-24
1.0187627e+01 1.8752322e-24
1.0211120e+01 1.8503485e-24
1.0234667e+01 1.8259945e-24
1.0258268e+01 1.8021562e-24
1.0281924e+01 1.7788199e-24
1.0305634e+01 1.7559722e-24
1.0329399e+01 1.7336004e-24
1.0353218e+01 1.7116917e-24
1.0377093e+01 1.6902341e-24
1.0401023e+01 1.6692157e-24
1.0425007e+01 1.6486250e-24
1.0449048e+01 1.6284509e-24
1.0473143e+01 1.6086827e-24
1.0497294e+01 1.5893098e-24
1.0521501e+01 1.5703220e-24
1.0545764e+01 1.5517095e-24
1.0570082e+01 1.5334628e-24
1.0594457e+01 1.5155724e-24
1.0618888e+01 1.4980294e-24
1.0643375e+01 1.4808250e-24
1.0667919e+01 1.4639508e-24
1.0692519e+01 1.4473984e-24
1.0717176e+01 1.4311600e-24
1.0741890e+01 1.4152277e-24
1.0766661e+01 1.3995940e-24
1.0791489e+01 1.3842517e-24
1.0816374e+01 1.3691936e-24
1.0841317e+01 1.3544128e-24
1.0866317e+01 1.3399027e-24
1.0891375e+01 1.3256568e-24
1.0916491e+01 1.3116689e-24
1.0941664e+01 1.2979328e-24
1.0966896e+01 1.2844426e-24
1.0992185e+01 1.2711926e-24
1.1017533e+01 1.2581772e-24
1.1042940e+01 1.2453910e-24
1.1068405e+01 1.2328288e-24
1.1093929e+01 1.2204854e-24
1.1119512e+01 1.2083559e-24
1.1145153e+01 1.1964356e-24
1.1170854e+01 1.1847197e-24
1.1196614e+01 1.1732037e-24
1.1222434e+01 1.1618832e-24
1.1248313e+01 1.1507540e-24
1.1274251e+01 1.1398118e-24
1.1300250e+01 1.1290528e-24
1.1326308e+01 1.1184729e-24
1.1352427e+01 1.1080683e-24
1.1378606e+01 1.0978354e-24
1.1404845e+01 1.0877705e-24
1.1431144e+01 1.0778702e-24
1.1457505e+01 1.0681311e-24
1.1483926e+01 1.0585498e-24
1.1510408e+01 1.0491231e-24
1.1536951e+01 1.0398480e-24
1.1563555e+01 1.0307213e-24
1.1590221e+01 1.0217401e-24
1.1616948e+01 1.0129016e-24
1.1643737e+01 1.0042028e-24
1.1670587e+01 9.9564120e-25
1.1697500e+01 9.8721399e-25
1.1724474e+01 9.7891862e-25
1.1751511e+01 9.7075257e-25
1.1778610e+01 9.6271337e-25
1.1805772e+01 9.5479863e-25
1.1832996e+01 9.4700601e-25
1.1860283e+01 9.3933323e-25
1.1887633e+01 9.3177808e-25
1.1915046e+01 9.2433838e-25
1.1942522e+01 9.1701202e-25
1.1970061e+01 9.0979694e-25
1.1997664e+01 9.0269112e-25
1.2025331e+01 8.9569260e-25
1.2053062e+01 8.8879945e-25
1.2080856e+01 8.8200981e-25
1.2108715e+01 8.7532184e-25
1.2136637e+01 8.6873374e-25
1.2164625e+01 8.6224378e-25
1.2192676e+01 8.5585025e-25
1.2220793e+01 8.4955146e-25
1.2248974e+01 8.4334578e-25
1.2277220e+01 8.3723163e-25
1.2305532e+01 8.3120743e-25
1.2333908e+01 8.2527165e-25
1.2362350e+01 8.1942279e-25
1.2390858e+01 8.1365939e-25
1.2419431e+01 8.0798001e-25
1.2448071e+01 8.0238326e-25
1.2476776e+01 7.9686774e-25
1.2505548e+01 7.9143211e-25
1.2534386e+01 7.8607505e-25
1.2563290e+01 7.8079526e-25
1.2592261e+01 7.7559148e-25
1.2621299e+01 7.7046245e-25
1.2650404e+01 7.6540697e-25
1.2679576e+01 7.6042383e-25
1.2708815e+01 7.5551185e-25
1.2738121e+01 7.5066990e-25
1.2767496e+01 7.4589683e-25
1.2796938e+01 7.4119154e-25
1.2826447e+01 7.3655294e-25
1.2856025e+01 7.3197997e-25
1.2885671e+01 7.2747157e-25
1.2915386e+01 7.2302672e-25
1.2945169e+01 7.1864440e-25
1.2975020e+01 7.1432363e-25
1.3004941e+01 7.1006342e-25
1.3034930e+01 7.0586283e-25
1.3064989e+01 7.0172090e-25
1.3095117e+01 6.9763672e-25
1.3125314e+01 6.9360938e-25
1.3155582e+01 6.8963799e-25
1.3185918e+01 6.8572166e-25
1.3216325e+01 6.8185954e-25
1.3246802e+01 6.7805078e-25
1.3277349e+01 6.7429454e-25
1.3307967e+01 6.7059001e-25
1.3338655e+01 6.6693638e-25
1.3369414e+01 6.6333286e-25
1.3400244e+01 6.5977867e-25
1.3431145e+01 6.5627305e-25
1.3462118e+01 6.5281524e-25
1.3493162e+01 6.4940449e-25
1.3524277e+01 6.4604009e-25
1.3555464e+01 6.4272131e-25
1.3586723e+01 6.3944746e-25
1.3618054e+01 6.3621782e-25
1.3649457e+01 6.3303173e-25
1.3680933e+01 6.2988851e-25
1.3712481e+01 6.2678750e-25
1.3744103e+01 6.2372805e-25
1.3775797e+01 6.2070952e-25
1.3807564e+01 6.1773128e-25
1.3839404e+01 6.1479271e-25
1.3871318e+01 6.1189320e-25
1.3903305e+01 6.0903214e-25
1.3935366e+01 6.0620896e-25
1.3967501e+01 6.0342306e-25
1.3999710e+01 6.0067388e-25
1.4031994e+01 5.9796085e-25
1.4064352e+01 5.9528341e-25
1.4096784e+01 5.9264103e-25
1.4129292e+01 5.9003316e-25
1.4161874e+01 5.8745927e-25
1.4194531e+01 5.8491884e-25
1.4227264e+01 5.8241137e-25
1.4260072e+01 5.7993635e-25
1.4292956e+01 5.7749327e-25
1.4325916e+01 5.7508166e-25
1.4358951e+01 5.7270102e-25
1.4392063e+01 5.7035089e-25
1.4425251e+01 5.6803080e-25
1.4458516e+01 5.6574029e-25
1.4491858e+01 5.6347891e-25
1.4525276e+01 5.6124621e-25
1.4558771e+01 5.5904175e-25
1.4592344e+01 5.5686511e-25
1.4625994e+01 5.5471586e-25
1.4659722e+01 5.5259357e-25
1.4693527e+01 5.5049785e-25
1.4727410e+01 5.4842828e-25
1.4761372e+01 5.4638446e-25
1.4795412e+01 5.4436601e-25
1.4829530e+01 5.4237253e-25
1.4863727e+01 5.4040365e-25
1.4898003e+01 5.3845898e-25
1.4932358e+01 5.3653817e-25
1.4966792e+01 5.3464085e-25
1.5001306e+01 5.3276665e-25
1.5035899e+01 5.3091524e-25
1.5070572e+01 5.2908625e-25
1.5105324e+01 5.2727936e-25
1.5140157e+01 5.2549423e-25
1.5175071e+01 5.2373051e-25
1.5210065e+01 5.2198790e-25
1.5245139e+01 5.2026607e-25
1.5280295e+01 5.1856470e-25
1.5315531e+01 5.1688348e-25
1.5350849e+01 5.1522212e-25
1.5386248e+01 5.1358030e-25
1.5421729e+01 5.1195773e-25
1.5457291e+01 5.1035412e-25
1.5492936e+01 5.0876918e-25
1.5528663e+01 5.0720264e-25
1.5564472e+01 5.0565421e-25
1.5600364e+01 5.0412361e-25
1.5636338e+01 5.0261059e-25
1.5672396e+01 5.0111487e-25
1.5708537e+01 4.9963619e-25
1.5744761e+01 4.9817431e-25
1.5781068e+01 4.9672895e-25
1.5817459e+01 4.9529988e-25
1.5853935e+01 4.9388686e-25
1.5890494e+01 4.9248963e-25
1.5927137e+01 4.9110796e-25
1.5963866e+01 4.8974162e-25
1.6000678e+01 4.8839038e-25
1.6037576e+01 4.8705402e-25
1.6074559e+01 4.8573230e-25
1.6111627e+01 4.8442502e-25
1.6148780e+01 4.8313195e-25
1.6186020e+01 4.8185288e-25
1.6223345e+01 4.8058761e-25
1.6260756e+01 4.7933592e-25
1.6298253e+01 4.7809762e-25
1.6335837e+01 4.7687251e-25
1.6373508e+01 4.7566039e-25
1.6411265e+01 4.7446107e-25
1.6449110e+01 4.7327435e-25
1.6487041e+01 4.7210006e-25
1.6525061e+01 4.7093800e-25
1.6563168e+01 4.6978801e-25
1.6601362e+01 4.6864989e-25
1.6639645e+01 4.6752347e-25
1.6678016e+01 4.6640858e-25
1.6716476e+01 4.6530505e-25
1.6755024e+01 4.6421272e-25
1.6793662e+01 4.6313142e-25
1.6832388e+01 4.6206099e-25
1.6871203e+01 4.6100126e-25
1.6910109e+01 4.5995208e-25
1.6949103e+01 4.5891331e-25
1.6988188e+01 4.5788477e-25
1.7027363e+01 4.5686634e-25
1.7066628e+01 4.5585785e-25
1.7105984e+01 4.5485917e-25
1.7145431e+01 4.5387015e-25
1.7184968e+01 4.5289066e-25
1.7224597e+01 4.5192054e-25
1.7264317e+01 4.5095968e-25
1.7304128e+01 4.5000793e-25
1.7344032e+01 4.4906517e-25
1.7384027e+01 4.4813126e-25
1.7424115e+01 4.4720608e-25
1.7464295e+01 4.4628950e-25
1.7504568e+01 4.4538139e-25
1.7544934e+01 4.4448165e-25
1.7585392e+01 4.4359014e-25
1.7625945e+01 4.4270676e-25
1.7666590e+01 4.4183138e-25
1.7707329e+01 4.4096389e-25
1.7748163e+01 4.4010418e-25
1.7789090e+01 4.3925214e-25
1.7830112e+01 4.3840767e-25
1.7871228e+01 4.3757064e-25
1.7912439e+01 4.3674097e-25
1.7953746e+01 4.3591854e-25
1.7995147e+01 4.3510325e-25
1.8036644e+01 4.3429501e-25
1.8078237e+01 4.3349372e-25
1.8119925e+01 4.3269927e-25
1.8161710e+01 4.3191158e-25
1.8203591e+01 4.3113054e-25
1.8245569e+01 4.3035607e-25
1.8287643e+01 4.2958808e-25
1.8329814e+01 4.2882648e-25
1.8372083e+01 4.2807117e-25
1.8414449e+01 4.2732208e-25
1.8456913e+01 4.2657911e-25
1.8499475e+01 4.2584218e-25
1.8542135e+01 4.2511121e-25
1.8584893e+01 4.2438612e-25
1.8627750e+01 4.2366683e-25
1.8670706e+01 4.2295326e-25
1.8713761e+01 4.2224533e-25
1.8756915e+01 4.2154297e-25
1.8800168e+01 4.2084609e-25
1.8843522e+01 4.2015464e-25
1.8886975e+01 4.1946852e-25
1.8930528e+01 4.1878768e-25
1.8974182e+01 4.1811204e-25
1.9017937e+01 4.1744153e-25
1.9061792e+01 4.1677608e-25
1.9105749e+01 4.1611563e-25
1.9149807e+01 4.1546011e-25
1.9193967e+01 4.1480946e-25
1.9238228e+01 4.1416360e-25
1.9282592e+01 4.1352249e-25
1.9327057e+01 4.1288604e-25
1.9371626e+01 4.1225421e-25
1.9416297e+01 4.1162694e-25
1.9461071e+01 4.1100416e-25
1.9505948e+01 4.1038582e-25
1.9550929e+01 4.0977185e-25
1.9596014e+01 4.0916221e-25
1.9641202e+01 4.0855683e-25
1.9686495e+01 4.0795566e-25
1.9731892e+01 4.0735865e-25
1.9777394e+01 4.0676575e-25
1.9823001e+01 4.0617689e-25
1.9868713e+01 4.0559204e-25
1.9914530e+01 4.0501114e-25
1.9960454e+01 4.0443413e-25
2.0006482e+01 4.0386098e-25
2.0052618e+01 4.0329163e-25
2.0098859e+01 4.0272603e-25
2.0145207e+01 4.0216414e-25
2.0191662e+01 4.0160591e-25
2.0238224e+01 4.0105129e-25
2.0284894e+01 4.0050025e-25
2.0331671e+01 3.9995273e-25
2.0378556e+01 3.9940869e-25
2.0425549e+01 3.9886810e-25
2.0472650e+01 3.9833090e-25
2.0519861e+01 3.9779706e-25
2.0567180e+01 3.9726654e-25
2.0614608e+01 3.9673929e-25
2.0662145e+01 3.9621527e-25
2.0709792e+01 3.9569445e-25
2.0757549e+01 3.9517679e-25
2.0805416e+01 3.9466225e-25
2.0853394e+01 3.9415080e-25
2.0901482e+01 3.9364239e-25
2.0949681e+01 3.9313699e-25
2.0997991e+01 3.9263456e-25
2.1046412e+01 3.9213507e-25
2.1094945e+01 3.9163849e-25
2.1143591e+01 3.9114478e-25
2.1192348e+01 3.9065390e-25
2.1241218e+01 3.9016583e-25
2.1290200e+01 3.8968053e-25
2.1339295e+01 3.8919797e-25
2.1388504e+01 3.8871812e-25
2.1437826e+01 3.8824094e-25
2.1487262e+01 3.8776641e-25
2.1536812e+01 3.8729450e-25
2.1586476e+01 3.8682517e-25
2.1636254e+01 3.8635840e-25
2.1686148e+01 3.8589415e-25
2.1736156e+01 3.8543241e-25
2.1786280e+01 3.8497313e-25
2.1836519e+01 3.8451630e-25
2.1886874e+01 3.8406189e-25
2.1937346e+01 3.8360986e-25
2.1987933e+01 3.8316020e-25
2.2038638e+01 3.8271288e-25
2.2089459e+01 3.8226787e-25
2.2140397e+01 3.8182514e-25
2.2191453e+01 3.8138467e-25
2.2242627e+01 3.8094645e-25
2.2293919e+01 3.8051043e-25
2.2345328e+01 3.8007660e-25
2.2396857e+01 3.7964494e-25
2.2448504e+01 3.7921542e-25
2.2500271e+01 3.7878802e-25
2.2552157e+01 3.7836271e-25
2.2604162e+01 3.7793948e-25
2.2656287e+01 3.7751830e-25
2.2708533e+01 3.7709916e-25
2.2760899e+01 3.7668202e-25
2.2813386e+01 3.7626687e-25
2.2865994e+01 3.7585369e-25
2.2918723e+01 3.7544246e-25
2.2971574e+01 3.7503316e-25
2.3024546e+01 3.7462576e-25
2.3077641e+01 3.7422025e-25
2.3130858e+01 3.7381661e-25
2.3184198e+01 3.7341483e-25
2.3237661e+01 3.7301487e-25
2.3291247e+01 3.7261673e-25
2.3344957e+01 3.7222038e-25
2.3398791e+01 3.7182581e-25
2.3452748e+01 3.7143300e-25
2.3506831e+01 3.7104193e-25
2.3561038e+01 3.7065259e-25
2.3615370e+01 3.7026496e-25
2.3669827e+01 3.6987901e-25
2.3724410e+01 3.6949475e-25
2.3779118e+01 3.6911214e-25
2.3833953e+01 3.6873117e-25
2.3888914e+01 3.6835183e-25
2.3944002e+01 3.6797411e-25
2.3999217e+01 3.6759798e-25
2.4054560e+01 3.6722343e-25
2.4110030e+01 3.6685044e-25
2.4165628e+01 3.6647901e-25
2.4221354e+01 3.6610912e-25
2.4277208e+01 3.6574075e-25
2.4333192e+01 3.6537388e-25
2.4389304e+01 3.6500851e-25
2.4445546e+01 3.6464462e-25
2.4501918e+01 3.6428220e-25
2.4558420e+01 3.6392124e-25
2.4615051e+01 3.6356171e-25
2.4671814e+01 3.6320361e-25
2.4728707e+01 3.6284693e-25
2.4785732e+01 3.6249165e-25
2.4842888e+01 3.6213776e-25
2.4900176e+01 3.6178524e-25
2.4957596e+01 3.6143409e-25
2.5015148e+01 3.6108430e-25
2.5072833e+01 3.6073584e-25
2.5130652e+01 3.6038872e-25
2.5188603e+01 3.6004291e-25
2.5246688e+01 3.5969841e-25
2.5304907e+01 3.5935521e-25
2.5363261e+01 3.5901329e-25
2.5421748e+01 3.5867264e-25
2.5480371e+01 3.5833326e-25
2.5539129e+01 3.5799513e-25
2.5598023e+01 3.5765824e-25
2.5657052e+01 3.5732258e-25
2.5716217e+01 3.5698814e-25
2.5775519e+01 3.5665491e-25
2.5834957e+01 3.5632289e-25
2.5894533e+01 3.5599205e-25
2.5954246e+01 3.5566240e-25
2.6014097e+01 3.5533392e-25
2.6074085e+01 3.5500660e-25
2.6134212e+01 3.5468043e-25
2.6194478e+01 3.5435541e-25
2.6254883e+01 3.5403152e-25
2.6315427e+01 3.5370875e-25
2.6376110e+01 3.5338711e-25
2.6436934e+01 3.5306657e-25
2.6497898e+01 3.5274713e-25
2.6559002e+01 3.5242878e-25
2.6620247e+01 3.5211151e-25
2.6681634e+01 3.5179532e-25
2.6743162e+01 3.5148019e-25
2.6804832e+01 3.5116612e-25
2.6866644e+01 3.5085310e-25
2.6928599e+01 3.5054112e-25
2.6990696e+01 3.5023017e-25
2.7052937e+01 3.4992025e-25
2.7115321e+01 3.4961135e-25
2.7177849e+01 3.4930345e-25
2.7240522e+01 3.4899657e-25
2.7303338e+01 3.4869067e-25
2.7366300e+01 3.4838577e-25
2.7429407e+01 3.4808185e-25
2.7492659e+01 3.4777890e-25
2.7556058e+01 3.4747692e-25
2.7619602e+01 3.4717589e-25
2.7683293e+01 3.4687583e-25
2.7747131e+01 3.4657671e-25
2.7811116e+01 3.4627853e-25
2.7875249e+01 3.4598128e-25
2.7939529e+01 3.4568496e-25
2.8003958e+01 3.4538956e-25
2.8068536e+01 3.4509507e-25
2.8133262e+01 3.4480149e-25
2.8198137e+01 3.4450882e-25
2.8263162e+01 3.4421704e-25
2.8328338e+01 3.4392614e-25
2.8393663e+01 3.4363614e-25
2.8459139e+01 3.4334700e-25
2.8524766e+01 3.4305874e-25
2.8590544e+01 3.4277135e-25
2.8656474e+01 3.4248482e-25
2.8722556e+01 3.4219914e-25
2.8788791e+01 3.4191431e-25
2.8855178e+01 3.4163032e-25
2.8921718e+01 3.4134717e-25
2.8988412e+01 3.4106485e-25
2.9055259e+01 3.4078336e-25
2.9122261e+01 3.4050270e-25
2.9189417e+01 3.4022284e-25
2.9256728e+01 3.3994380e-25
2.9324194e+01 3.3966557e-25
2.9391816e+01 3.3938814e-25
2.9459594e+01 3.3911150e-25
2.9527528e+01 3.3883566e-25
2.9595619e+01 3.3856060e-25
2.9663866e+01 3.3828632e-25
2.9732272e+01 3.3801282e-25
2.9800834e+01 3.3774009e-25
2.9869555e+01 3.3746813e-25
2.9938435e+01 3.3719693e-25
3.0007473e+01 3.3692650e-25
3.0076670e+01 3.3665681e-25
3.0146028e+01 3.3638787e-25
3.0215544e+01 3.3611968e-25
3.0285222e+01 3.3585223e-25
3.0355060e+01 3.3558552e-25
3.0425059e+01 3.3531954e-25
3.0495219e+01 3.3505428e-25
3.0565541e+01 3.3478975e-25
3.0636026e+01 3.3452594e-25
3.0706673e+01 3.3426284e-25
3.0777482e+01 3.3400046e-25
3.0848456e+01 3.3373878e-25
3.0919592e+01 3.3347781e-25
3.0990893e+01 3.3321754e-25
3.1062358e+01 3.3295796e-25
3.1133988e+01 3.3269907e-25
3.1205784e+01 3.3244087e-25
3.1277744e+01 3.3218336e-25
3.1349871e+01 3.3192652e-25
3.1422164e+01 3.3167037e-25
3.1494624e+01 3.3141488e-25
3.1567251e+01 3.3116007e-25
3.1640045e+01 3.3090592e-25
3.1713007e+01 3.3065244e-25
3.1786138e+01 3.3039961e-25
3.1859437e+01 3.3014744e-25
3.1932905e+01 3.2989592e-25
3.2006542e+01 3.2964505e-25
3.2080350e+01 3.2939483e-25
3.2154327e+01 3.2914524e-25
3.2228475e+01 3.2889630e-25
3.2302794e+01 3.2864799e-25
3.2377285e+01 3.2840032e-25
3.2451947e+01 3.2815327e-25
3.2526782e+01 3.2790685e-25
3.2601789e+01 3.2766106e-25
3.2676969e+01 3.2741588e-25
3.2752322e+01 3.2717132e-25
3.2827849e+01 3.2692737e-25
3.2903550e+01 3.2668404e-25
3.2979426e+01 3.2644131e-25
3.3055477e+01 3.2619919e-25
3.3131703e+01 3.2595767e-25
3.3208105e+01 3.2571675e-25
3.3284683e+01 3.2547642e-25
3.3361438e+01 3.2523669e-25
3.3438370e+01 3.2499755e-25
3.3515479e+01 3.2475900e-25
3.3592766e+01 3.2452103e-25
3.3670231e+01 3.2428364e-25
3.3747875e+01 3.2404684e-25
3.3825698e+01 3.2381061e-25
3.3903700e+01 3.2357496e-25
3.3981882e+01 3.2333988e-25
3.4060245e+01 3.2310536e-25
3.4138788e+01 3.2287142e-25
3.4217512e+01 3.2263803e-25
3.4296418e+01 3.2240521e-25
3.4375506e+01 3.2217295e-25
3.4454776e+01 3.2194125e-25
3.4534229e+01 3.2171010e-25
3.4613865e+01 3.2147950e-25
3.4693685e+01 3.2124945e-25
3.4773689e+01 3.2101995e-25
3.4853877e+01 3.2079099e-25
3.4934251e+01 3.2056258e-25
3.5014809e+01 3.2033470e-25
3.5095554e+01 3.2010736e-25
3.5176484e+01 3.1988056e-25
3.5257602e+01 3.1965429e-25
3.5338906e+01 3.1942855e-25
3.5420398e+01 3.1920334e-25
3.5502077e+01 3.1897866e-25
3.5583945e+01 3.1875450e-25
3.5666002e+01 3.1853087e-25
3.5748248e+01 3.1830775e-25
3.5830684e+01 3.1808515e-25
3.5913310e+01 3.1786307e-25
3.5996126e+01 3.1764150e-25
3.6079134e+01 3.1742044e-25
3.6162332e+01 3.1719990e-25
3.6245723e+01 3.1697986e-25
3.6329306e+01 3.1676032e-25
3.6413082e+01 3.1654129e-25
3.6497050e+01 3.1632276e-25
3.6581213e+01 3.1610473e-25
3.6665569e+01 3.1588720e-25
3.6750120e+01 3.1567017e-25
3.6834867e+01 3.1545362e-25
3.6919808e+01 3.1523757e-25
3.7004945e+01 3.1502201e-25
3.7090279e+01 3.1480694e-25
3.7175810e+01 3.1459236e-25
3.7261537e+01 3.1437826e-25
3.7347463e+01 3.1416464e-25
3.7433586e+01 3.1395150e-25
3.7519908e+01 3.1373884e-25
3.7606429e+01 3.1352666e-25
3.7693150e+01 3.1331496e-25
3.7780071e+01 3.1310373e-25
3.7867192e+01 3.1289297e-25
3.7954514e+01 3.1268268e-25
3.8042037e+01 3.1247286e-25
3.8129763e+01 3.1226350e-25
3.8217690e+01 3.1205462e-25
3.8305821e+01 3.1184619e-25
3.8394154e+01 3.1163823e-25
3.8482691e+01 3.1143073e-25
3.8571433e+01 3.1122369e-25
3.8660379e+01 3.1101710e-25
3.8749530e+01 3.1081097e-25
3.8838886e+01 3.1060530e-25
3.8928449e+01 3.1040007e-25
3.9018219e+01 3.1019530e-25
3.9108195e+01 3.0999098e-25
3.9198379e+01 3.0978710e-25
3.9288770e+01 3.0958367e-25
3.9379371e+01 3.0938069e-25
3.9470180e+01 3.0917815e-25
3.9561198e+01 3.0897605e-25
3.9652427e+01 3.0877439e-25
3.9743865e+01 3.0857317e-25
3.9835515e+01 3.0837238e-25
3.9927376e+01 3.0817203e-25
4.0019449e+01 3.0797212e-25
4.0111734e+01 3.0777264e-25
4.0204232e+01 3.0757359e-25
4.0296943e+01 3.0737497e-25
4.0389868e+01 3.0717678e-25
4.0483008e+01 3.0697902e-25
4.0576362e+01 3.0678169e-25
4.0669931e+01 3.0658477e-25
4.0763716e+01 3.0638829e-25
4.0857718e+01 3.0619222e-25
4.0951936e+01 3.0599657e-25
4.1046372e+01 3.0580135e-25
4.1141025e+01 3.0560654e-25
4.1235896e+01 3.0541215e-25
4.1330987e+01 3.0521817e-25
4.1426296e+01 3.0502461e-25
4.1521826e+01 3.0483146e-25
4.1617575e+01 3.0463872e-25
4.1713546e+01 3.0444639e-25
4.1809737e+01 3.0425448e-25
4.1906151e+01 3.0406296e-25
4.2002787e+01 3.0387186e-25
4.2099646e+01 3.0368116e-25
4.2196728e+01 3.0349087e-25
4.2294034e+01 3.0330097e-25
4.2391564e+01 3.0311148e-25
4.2489319e+01 3.0292239e-25
4.2587300e+01 3.0273370e-25
4.2685507e+01 3.0254541e-25
4.2783940e+01 3.0235751e-25
4.2882600e+01 3.0217001e-25
4.2981488e+01 3.0198291e-25
4.3080603e+01 3.0179620e-25
4.3179947e+01 3.0160988e-25
4.3279521e+01 3.0142395e-25
4.3379324e+01 3.0123841e-25
4.3479357e+01 3.0105326e-25
4.3579620e+01 3.0086850e-25
4.3680115e+01 3.0068412e-25
4.3780842e+01 3.0050013e-25
4.3881801e+01 3.0031653e-25
4.3982993e+01 3.0013330e-25
4.4084418e+01 2.9995046e-25
4.4186077e+01 2.9976801e-25
4.4287970e+01 2.9958593e-25
4.4390099e+01 2.9940423e-25
4.4492463e+01 2.9922291e-25
4.4595062e+01 2.9904196e-25
4.4697899e+01 2.9886140e-25
4.4800973e+01 2.9868120e-25
4.4904284e+01 2.9850138e-25
4.5007834e+01 2.9832194e-25
4.5111622e+01 2.9814286e-25
4.5215650e+01 2.9796416e-25
4.5319918e+01 2.9778583e-25
4.5424426e+01 2.9760786e-25
4.5529175e+01 2.9743027e-25
4.5634165e+01 2.9725304e-25
4.5739398e+01 2.9707617e-25
4.5844873e+01 2.9689967e-25
4.5950592e+01 2.9672354e-25
4.6056554e+01 2.9654777e-25
4.6162761e+01 2.9637236e-25
4.6269213e+01 2.9619731e-25
4.6375910e+01 2.9602262e-25
4.6482853e+01 2.9584829e-25
4.6590043e+01 2.9567432e-25
4.6697480e+01 2.9550071e-25
4.6805165e+01 2.9532745e-25
4.6913098e+01 2.9515455e-25
4.7021280e+01 2.9498200e-25
4.7129711e+01 2.9480981e-25
4.7238393e+01 2.9463797e-25
4.7347325e+01 2.9446648e-25
4.7456508e+01 2.9429534e-25
4.7565943e+01 2.9412455e-25
4.7675631e+01 2.9395412e-25
4.7785571e+01 2.9378403e-25
4.7895765e+01 2.9361428e-25
4.8006213e+01 2.9344489e-25
4.8116916e+01 2.9327584e-25
4.8227874e+01 2.9310713e-25
4.8339087e+01 2.9293877e-25
4.8450558e+01 2.9277075e-25
4.8562285e+01 2.9260308e-25
4.8674270e+01 2.9243574e-25
4.8786513e+01 2.9226875e-25
4.8899015e+01 2.9210210e-25
4.9011777e+01 2.9193578e-25
4.9124798e+01 2.9176980e-25
4.9238081e+01 2.9160417e-25
4.9351624e+01 2.9143886e-25
4.9465429e+01 2.9127390e-25
4.9579497e+01 2.9110926e-25
4.9693828e+01 2.9094497e-25
4.9808422e+01 2.9078100e-25
4.9923280e+01 2.9061737e-25
5.0038404e+01 2.9045407e-25
5.0153793e+01 2.9029110e-25
5.0269448e+01 2.9012846e-25
5.0385370e+01 2.8996615e-25
5.0501559e+01 2.8980417e-25
5.0618016e+01 2.8964251e-25
5.0734741e+01 2.8948118e-25
5.0851736e+01 2.8932018e-25
5.0969000e+01 2.8915951e-25
5.1086535e+01 2.8899916e-25
5.1204341e+01 2.8883913e-25
5.1322419e+01 2.8867943e-25
5.1440769e+01 2.8852005e-25
5.1559392e+01 2.8836099e-25
5.1678288e+01 2.8820225e-25
5.1797458e+01 2.8804383e-25
5.1916904e+01 2.8788573e-25
5.2036625e+01 2.8772795e-25
5.2156621e+01 2.8757049e-25
5.2276895e+01 2.8741335e-25
5.2397446e+01 2.8725652e-25
5.2518275e+01 2.8710001e-25
5.2639382e+01 2.8694381e-25
5.2760769e+01 2.8678793e-25
5.2882436e+01 2.8663236e-25
5.3004383e+01 2.8647711e-25
5.3126612e+01 2.8632217e-25
5.3249122e+01 2.8616753e-25
5.3371915e+01 2.8601321e-25
5.3494991e+01 2.8585920e-25
5.3618351e+01 2.8570550e-25
5.3741995e+01 2.8555211e-25
5.3865925e+01 2.8539903e-25
5.3990140e+01 2.8524625e-25
5.4114642e+01 2.8509378e-25
5.4239430e+01 2.8494162e-25
5.4364507e+01 2.8478976e-25
5.4489872e+01 2.8463821e-25
5.4615526e+01 2.8448696e-25
5.4741470e+01 2.8433602e-25
5.4867704e+01 2.8418538e-25
5.4994229e+01 2.8403504e-25
5.5121046e+01 2.8388500e-25
5.5248156e+01 2.8373526e-25
5.5375559e+01 2.8358583e-25
5.5503255e+01 2.8343669e-25
5.5631246e+01 2.8328785e-25
5.5759532e+01 2.8313931e-25
5.5888114e+01 2.8299107e-25
5.6016992e+01 2.8284312e-25
5.6146168e+01 2.8269547e-25
5.6275642e+01 2.8254812e-25
5.6405414e+01 2.8240106e-25
5.6535485e+01 2.8225430e-25
5.6665856e+01 2.8210783e-25
5.6796528e+01 2.8196165e-25
5.6927501e+01 2.8181577e-25
5.7058777e+01 2.8167018e-25
5.7190355e+01 2.8152488e-25
5.7322236e+01 2.8137987e-25
5.7454421e+01 2.8123515e-25
5.7586912e+01 2.8109072e-25
5.7719708e+01 2.8094658e-25
5.7852810e+01 2.8080273e-25
5.7986219e+01 2.8065916e-25
5.8119935e+01 2.8051589e-25
5.8253960e+01 2.8037290e-25
5.8388294e+01 2.8023019e-25
5.8522938e+01 2.8008777e-25
5.8657893e+01 2.7994564e-25
5.8793158e+01 2.7980379e-25
5.8928736e+01 2.7966222e-25
5.9064626e+01 2.7952094e-25
5.9200829e+01 2.7937994e-25
5.9337347e+01 2.7923922e-25
5.9474179e+01 2.7909878e-25
5.9611327e+01 2.7895862e-25
5.9748791e+01 2.7881875e-25
5.9886572e+01 2.7867915e-25
6.0024671e+01 2.7853983e-25
6.0163089e+01 2.7840079e-25
6.0301825e+01 2.7826203e-25
6.0440882e+01 2.7812355e-25
6.0580259e+01 2.7798534e-25
6.0719957e+01 2.7784741e-25
6.0859978e+01 2.7770976e-25
6.1000322e+01 2.7757238e-25
6.1140989e+01 2.7743527e-25
6.1281980e+01 2.7729844e-25
6.1423297e+01 2.7716188e-25
6.1564940e+01 2.7702560e-25
6.1706909e+01 2.7688958e-25
6.1849206e+01 2.7675384e-25
6.1991830e+01 2.7661838e-25
6.2134784e+01 2.7648318e-25
6.2278067e+01 2.7634825e-25
6.2421681e+01 2.7621359e-25
6.2565626e+01 2.7607920e-25
6.2709903e+01 2.7594508e-25
6.2854512e+01 2.7581123e-25
6.2999455e+01 2.7567764e-25
6.3144732e+01 2.7554433e-25
6.3290345e+01 2.7541128e-25
6.3436293e+01 2.7527849e-25
6.3582577e+01 2.7514597e-25
6.3729199e+01 2.7501372e-25
6.3876159e+01 2.7488173e-25
6.4023458e+01 2.7475000e-25
6.4171097e+01 2.7461854e-25
6.4319076e+01 2.7448734e-25
6.4467396e+01 2.7435640e-25
6.4616058e+01 2.7422573e-25
6.4765063e+01 2.7409532e-25
6.4914412e+01 2.7396516e-25
6.5064105e+01 2.7383527e-25
6.5214144e+01 2.7370564e-25
6.5364528e+01 2.7357627e-25
6.5515259e+01 2.7344715e-25
6.5666338e+01 2.7331830e-25
6.5817765e+01 2.7318970e-25
6.5969541e+01 2.7306136e-25
6.6121667e+01 2.7293328e-25
6.6274144e+01 2.7280545e-25
6.6426973e+01 2.7267788e-25
6.6580154e+01 2.7255057e-25
6.6733688e+01 2.7242351e-25
6.6887577e+01 2.7229670e-25
6.7041820e+01 2.7217015e-25
6.7196419e+01 2.7204385e-25
6.7351374e+01 2.7191781e-25
6.7506687e+01 2.7179202e-25
6.7662358e+01 2.7166648e-25
6.7818388e+01 2.7154119e-25
6.7974778e+01 2.7141615e-25
6.8131528e+01 2.7129136e-25
6.8288640e+01 2.7116683e-25
6.8446114e+01 2.7104254e-25
6.8603951e+01 2.7091850e-25
6.8762153e+01 2.7079472e-25
6.8920719e+01 2.7067118e-25
6.9079650e+01 2.7054788e-25
6.9238949e+01 2.7042484e-25
6.9398614e+01 2.7030204e-25
6.9558648e+01 2.7017949e-25
6.9719051e+01 2.7005719e-25
6.9879823e+01 2.6993513e-25
7.0040967e+01 2.6981331e-25
7.0202482e+01 2.6969175e-25
7.0364369e+01 2.6957042e-25
7.0526630e+01 2.6944934e-25
7.0689265e+01 2.6932850e-25
7.0852275e+01 2.6920791e-25
7.1015661e+01 2.6908755e-25
7.1179423e+01 2.6896744e-25
7.1343564e+01 2.6884757e-25
7.1508083e+01 2.6872795e-25
7.1672981e+01 2.6860856e-25
7.1838259e+01 2.6848941e-25
7.2003919e+01 2.6837051e-25
7.2169960e+01 2.6825184e-25
7.2336385e+01 2.6813341e-25
7.2503193e+01 2.6801522e-25
7.2670386e+01 2.6789727e-25
7.2837964e+01 2.6777955e-25
7.3005929e+01 2.6766207e-25
7.3174282e+01 2.6754483e-25
7.3343022e+01 2.6742783e-25
7.3512152e+01 2.6731106e-25
7.3681671e+01 2.6719453e-25
7.3851582e+01 2.6707823e-25
7.4021884e+01 2.6696217e-25
7.4192579e+01 2.6684634e-25
7.4363668e+01 2.6673074e-25
7.4535151e+01 2.6661538e-25
7.4707029e+01 2.6650025e-25
7.4879304e+01 2.6638536e-25
7.5051977e+01 2.6627069e-25
7.5225047e+01 2.6615626e-25
7.5398517e+01 2.6604206e-25
7.5572386e+01 2.6592809e-25
7.5746657e+01 2.6581435e-25
7.5921329e+01 2.6570084e-25
7.6096404e+01 2.6558756e-25
7.6271883e+01 2.6547451e-25
7.6447767e+01 2.6536168e-25
7.6624056e+01 2.6524909e-25
7.6800751e+01 2.6513672e-25
7.6977855e+01 2.6502459e-25
7.7155366e+01 2.6491267e-25
7.7333287e+01 2.6480099e-25
7.7511618e+01 2.6468953e-25
7.7690361e+01 2.6457830e-25
7.7869515e+01 2.6446729e-25
7.8049083e+01 2.6435651e-25
7.8229065e+01 2.6424595e-25
7.8409461e+01 2.6413562e-25
7.8590274e+01 2.6402551e-25
7.8771504e+01 2.6391563e-25
7.8953152e+01 2.6380597e-25
7.9135218e+01 2.6369653e-25
7.9317705e+01 2.6358731e-25
7.9500612e+01 2.6347832e-25
7.9683941e+01 2.6336955e-25
7.9867693e+01 2.6326100e-25
8.0051868e+01 2.6315267e-25
8.0236468e+01 2.6304456e-25
8.0421494e+01 2.6293667e-25
8.0606947e+01 2.6282900e-25
8.0792827e+01 2.6272155e-25
8.0979136e+01 2.6261431e-25
8.1165874e+01 2.6250730e-25
8.1353044e+01 2.6240051e-25
8.1540644e+01 2.6229393e-25
8.1728678e+01 2.6218757e-25
8.1917145e+01 2.6208143e-25
8.2106046e+01 2.6197550e-25
8.2295383e+01 2.6186979e-25
8.2485157e+01 2.6176430e-25
8.2675369e+01 2.6165902e-25
8.2866019e+01 2.6155396e-25
8.3057108e+01 2.6144911e-25
8.3248639e+01 2.6134447e-25
8.3440611e+01 2.6124005e-25
8.3633025e+01 2.6113585e-25
8.3825884e+01 2.6103186e-25
8.4019187e+01 2.6092808e-25
8.4212936e+01 2.6082451e-25
8.4407131e+01 2.6072115e-25
8.4601775e+01 2.6061801e-25
8.4796867e+01 2.6051508e-25
8.4992409e+01 2.6041236e-25
8.5188403e+01 2.6030985e-25
8.5384848e+01 2.6020755e-25
8.5581746e+01 2.6010546e-25
8.5779098e+01 2.6000358e-25
8.5976905e+01 2.5990191e-25
8.6175169e+01 2.5980045e-25
8.6373889e+01 2.5969920e-25
8.6573068e+01 2.5959816e-25
8.6772706e+01 2.5949732e-25
8.6972805e+01 2.5939669e-25
8.7173365e+01 2.5929627e-25
8.7374387e+01 2.5919606e-25
8.7575873e+01 2.5909605e-25
8.7777824e+01 2.5899625e-25
8.7980240e+01 2.5889665e-25
8.8183123e+01 2.5879726e-25
8.8386474e+01 2.5869808e-25
8.8590294e+01 2.5859910e-25
8.8794584e+01 2.5850032e-25
8.8999345e+01 2.5840175e-25
8.9204578e+01 2.5830339e-25
8.9410285e+01 2.5820522e-25
8.9616465e+01 2.5810726e-25
8.9823122e+01 2.5800950e-25
9.0030254e+01 2.5791195e-25
9.0237865e+01 2.5781459e-25
9.0445954e+01 2.5771744e-25
9.0654523e+01 2.5762049e-25
9.0863573e+01 2.5752374e-25
9.1073105e+01 2.5742719e-25
9.1283120e+01 2.5733085e-25
9.1493620e+01 2.5723470e-25
9.1704605e+01 2.5713875e-25
9.1916077e+01 2.5704300e-25
9.2128036e+01 2.5694745e-25
9.2340484e+01 2.5685210e-25
9.2553422e+01 2.5675695e-25
9.2766850e+01 2.5666200e-25
9.2980771e+01 2.5656724e-25
9.3195186e+01 2.5647268e-25
9.3410095e+01 2.5637832e-25
9.3625499e+01 2.5628415e-25
9.3841400e+01 2.5619019e-25
9.4057799e+01 2.5609641e-25
9.4274697e+01 2.5600284e-25
9.4492095e+01 2.5590946e-25
9.4709995e+01 2.5581627e-25
9.4928397e+01 2.5572328e-25
9.5147302e+01 2.5563049e-25
9.5366713e+01 2.5553789e-25
9.5586629e+01 2.5544548e-25
9.5807053e+01 2.5535326e-25
9.6027984e+01 2.5526124e-25
9.6249426e+01 2.5516942e-25
9.6471378e+01 2.5507778e-25
9.6693841e+01 2.5498634e-25
9.6916818e+01 2.5489509e-25
9.7140309e+01 2.5480403e-25
9.7364315e+01 2.5471316e-25
9.7588838e+01 2.5462249e-25
9.7813879e+01 2.5453200e-25
9.8039438e+01 2.5444171e-25
9.8265518e+01 2.5435161e-25
9.8492119e+01 2.5426169e-25
9.8719243e+01 2.5417197e-25
9.8946890e+01 2.5408243e-25
9.9175062e+01 2.5399309e-25
9.9403761e+01 2.5390393e-25
9.9632987e+01 2.5381496e-25
9.9862741e+01 2.5372618e-25
1.0009303e+02 2.5363759e-25
1.0032384e+02 2.5354918e-25
1.0055519e+02 2.5346097e-25
1.0078707e+02 2.5337293e-25
1.0101948e+02 2.5328509e-25
1.0125244e+02 2.5319743e-25
1.0148593e+02 2.5310996e-25
1.0171995e+02 2.5302267e-25
1.0195452e+02 2.5293557e-25
1.0218963e+02 2.5284866e-25
1.0242528e+02 2.5276193e-25
1.0266147e+02 2.5267538e-25
1.0289821e+02 2.5258902e-25
1.0313549e+02 2.5250285e-25
1.0337332e+02 2.5241685e-25
1.0361170e+02 2.5233104e-25
1.0385063e+02 2.5224542e-25
1.0409011e+02 2.5215997e-25
1.0433015e+02 2.5207471e-25
1.0457073e+02 2.5198963e-25
1.0481187e+02 2.5190474e-25
1.0505357e+02 2.5182002e-25
1.0529582e+02 2.5173549e-25
1.0553864e+02 2.5165113e-25
1.0578201e+02 2.5156696e-25
1.0602594e+02 2.5148297e-25
1.0627044e+02 2.5139916e-25
1.0651550e+02 2.5131553e-25
1.0676113e+02 2.5123208e-25
1.0700732e+02 2.5114881e-25
1.0725408e+02 2.5106572e-25
1.0750141e+02 2.5098281e-25
1.0774931e+02 2.5090008e-25
1.0799778e+02 2.5081752e-25
1.0824682e+02 2.5073514e-25
1.0849644e+02 2.5065295e-25
1.0874663e+02 2.5057092e-25
1.0899740e+02 2.5048908e-25
1.0924875e+02 2.5040741e-25
1.0950068e+02 2.5032593e-25
1.0975319e+02 2.5024461e-25
1.1000628e+02 2.5016348e-25
1.1025996e+02 2.5008251e-25
1.1051422e+02 2.5000173e-25
1.1076906e+02 2.4992112e-25
1.1102450e+02 2.4984069e-25
1.1128052e+02 2.4976043e-25
1.1153714e+02 2.4968034e-25
1.1179434e+02 2.4960044e-25
1.1205214e+02 2.4952070e-25
1.1231053e+02 2.4944114e-25
1.1256952e+02 2.4936175e-25
1.1282911e+02 2.4928254e-25
1.1308929e+02 2.4920350e-25
1.1335008e+02 2.4912463e-25
1.1361146e+02 2.4904593e-25
1.1387345e+02 2.4896741e-25
1.1413605e+02 2.4888906e-25
1.1439924e+02 2.4881088e-25
1.1466305e+02 2.4873288e-25
1.1492746e+02 2.4865504e-25
1.1519249e+02 2.4857738e-25
1.1545812e+02 2.4849988e-25
1.1572437e+02 2.4842256e-25
1.1599123e+02 2.4834541e-25
1.1625871e+02 2.4826843e-25
1.1652680e+02 2.4819162e-25
1.1679551e+02 2.4811498e-25
1.1706484e+02 2.4803850e-25
1.1733480e+02 2.4796220e-25
1.1760537e+02 2.4788607e-25
1.1787657e+02 2.4781010e-25
1.1814839e+02 2.4773431e-25
1.1842085e+02 2.4765868e-25
1.1869392e+02 2.4758322e-25
1.1896763e+02 2.4750793e-25
1.1924197e+02 2.4743280e-25
1.1951695e+02 2.4735785e-25
1.1979255e+02 2.4728306e-25
1.2006880e+02 2.4720843e-25
1.2034568e+02 2.4713398e-25
1.2062319e+02 2.4705969e-25
1.2090135e+02 2.4698556e-25
1.2118015e+02 2.4691160e-25
1.2145959e+02 2.4683781e-25
1.2173968e+02 2.4676419e-25
1.2202041e+02 2.4669072e-25
1.2230179e+02 2.4661743e-25
1.2258382e+02 2.4654430e-25
1.2286650e+02 2.4647133e-25
1.2314983e+02 2.4639853e-25
1.2343382e+02 2.4632589e-25
1.2371846e+02 2.4625342e-25
1.2400375e+02 2.4618111e-25
1.2428971e+02 2.4610896e-25
1.2457632e+02 2.4603697e-25
1.2486359e+02 2.4596515e-25
1.2515153e+02 2.4589350e-25
1.2544013e+02 2.4582200e-25
1.2572940e+02 2.4575067e-25
1.2601933e+02 2.4567950e-25
1.2630993e+02 2.4560849e-25
1.2660120e+02 2.4553764e-25
1.2689314e+02 2.4546696e-25
1.2718576e+02 2.4539643e-25
1.2747905e+02 2.4532607e-25
1.2777302e+02 2.4525587e-25
1.2806767e+02 2.4518583e-25
1.2836299e+02 2.4511595e-25
1.2865900e+02 2.4504622e-25
1.2895569e+02 2.4497666e-25
1.2925306e+02 2.4490726e-25
1.2955112e+02 2.4483802e-25
1.2984986e+02 2.4476894e-25
1.3014930e+02 2.4470002e-25
1.3044942e+02 2.4463126e-25
1.3075024e+02 2.4456265e-25
1.3105175e+02 2.4449421e-25
1.3135396e+02 2.4442592e-25
1.3165686e+02 2.4435779e-25
1.3196046e+02 2.4428982e-25
1.3226476e+02 2.4422200e-25
1.3256977e+02 2.4415435e-25
1.3287547e+02 2.4408685e-25
1.3318189e+02 2.4401951e-25
1.3348901e+02 2.4395233e-25
1.3379683e+02 2.4388530e-25
1.3410537e+02 2.4381843e-25
1.3441462e+02 2.4375171e-25
1.3472458e+02 2.4368516e-25
1.3503525e+02 2.4361875e-25
1.3534665e+02 2.4355251e-25
1.3565876e+02 2.4348642e-25
1.3597159e+02 2.4342048e-25
1.3628514e+02 2.4335470e-25
1.3659941e+02 2.4328908e-25
1.3691441e+02 2.4322361e-25
1.3723014e+02 2.4315830e-25
1.3754659e+02 2.4309314e-25
1.3786377e+02 2.4302813e-25
1.3818169e+02 2.4296328e-25
1.3850034e+02 2.4289858e-25
1.3881972e+02 2.4283404e-25
1.3913984e+02 2.4276965e-25
1.3946070e+02 2.4270541e-25
1.3978229e+02 2.4264133e-25
1.4010463e+02 2.4257740e-25
1.4042772e+02 2.4251362e-25
1.4075154e+02 2.4245000e-25
1.4107612e+02 2.4238653e-25
1.4140144e+02 2.4232321e-25
1.4172751e+02 2.4226004e-25
1.4205434e+02 2.4219703e-25
1.4238192e+02 2.4213416e-25
1.4271025e+02 2.4207145e-25
1.4303934e+02 2.4200889e-25
1.4336919e+02 2.4194649e-25
1.4369980e+02 2.4188423e-25
1.4403117e+02 2.4182212e-25
1.4436331e+02 2.4176017e-25
1.4469621e+02 2.4169836e-25
1.4502988e+02 2.4163671e-25
1.4536432e+02 2.4157521e-25
1.4569954e+02 2.4151385e-25
1.4603552e+02 2.4145265e-25
1.4637228e+02 2.4139160e-25
1.4670981e+02 2.4133069e-25
1.4704813e+02 2.4126994e-25
1.4738722e+02 2.4120933e-25
1.4772710e+02 2.4114888e-25
1.4806776e+02 2.4108857e-25
1.4840920e+02 2.4102842e-25
1.4875144e+02 2.4096841e-25
1.4909446e+02 2.4090855e-25
1.4943827e+02 2.4084884e-25
1.4978288e+02 2.4078927e-25
1.5012828e+02 2.4072986e-25
1.5047447e+02 2.4067059e-25
1.5082147e+02 2.4061147e-25
1.5116927e+02 2.4055250e-25
1.5151786e+02 2.4049368e-25
1.5186726e+02 2.4043500e-25
1.5221747e+02 2.4037647e-25
1.5256849e+02 2.4031809e-25
1.5292031e+02 2.4025986e-25
1.5327295e+02 2.4020177e-25
1.5362639e+02 2.4014383e-25
1.5398066e+02 2.4008604e-25
1.5433574e+02 2.4002839e-25
1.5469164e+02 2.3997089e-25
1.5504836e+02 2.3991353e-25
1.5540590e+02 2.3985632e-25
1.5576427e+02 2.3979926e-25
1.5612346e+02 2.3974234e-25
1.5648348e+02 2.3968557e-25
1.5684434e+02 2.3962894e-25
1.5720602e+02 2.3957246e-25
1.5756854e+02 2.3951612e-25
1.5793189e+02 2.3945993e-25
1.5829608e+02 2.3940389e-25
1.5866112e+02 2.3934798e-25
1.5902699e+02 2.3929223e-25
1.5939371e+02 2.3923662e-25
1.5976127e+02 2.3918115e-25
1.6012968e+02 2.3912583e-25
1.6049894e+02 2.3907065e-25
1.6086905e+02 2.3901561e-25
1.6124002e+02 2.3896072e-25
1.6161184e+02 2.3890597e-25
1.6198452e+02 2.3885137e-25
1.6235805e+02 2.3879691e-25
1.6273245e+02 2.3874259e-25
1.6310772e+02 2.3868842e-25
1.6348384e+02 2.3863439e-25
1.6386084e+02 2.3858050e-25
1.6423870e+02 2.3852676e-25
1.6461744e+02 2.3847316e-25
1.6499705e+02 2.3841970e-25
1.6537753e+02 2.3836638e-25
1.6575889e+02 2.3831321e-25
1.6614114e+02 2.3826018e-25
1.6652426e+02 2.3820729e-25
1.6690826e+02 2.3815455e-25
1.6729316e+02 2.3810194e-25
1.6767894e+02 2.3804948e-25
1.6806560e+02 2.3799716e-25
1.6845316e+02 2.3794498e-25
1.6884162e+02 2.3789294e-25
1.6923097e+02 2.3784105e-25
1.6962122e+02 2.3778930e-25
1.7001236e+02 2.3773768e-25
1.7040441e+02 2.3768621e-25
1.7079737e+02 2.3763488e-25
1.7119123e+02 2.3758370e-25
1.7158600e+02 2.3753265e-25
1.7198168e+02 2.3748174e-25
1.7237827e+02 2.3743097e-25
1.7277577e+02 2.3738035e-25
1.7317419e+02 2.3732987e-25
1.7357354e+02 2.3727952e-25
1.7397380e+02 2.3722932e-25
1.7437498e+02 2.3717925e-25
1.7477709e+02 2.3712933e-25
1.7518013e+02 2.3707955e-25
1.7558410e+02 2.3702991e-25
1.7598899e+02 2.3698040e-25
1.7639483e+02 2.3693104e-25
1.7680159e+02 2.3688182e-25
1.7720930e+02 2.3683273e-25
1.7761795e+02 2.3678379e-25
1.7802753e+02 2.3673499e-25
1.7843807e+02 2.3668632e-25
1.7884955e+02 2.3663780e-25
1.7926198e+02 2.3658941e-25
1.7967535e+02 2.3654117e-25
1.8008969e+02 2.3649306e-25
1.8050498e+02 2.3644509e-25
1.8092122e+02 2.3639726e-25
1.8133843e+02 2.3634957e-25
1.8175659e+02 2.3630202e-25
1.8217573e+02 2.3625461e-25
1.8259583e+02 2.3620733e-25
1.8301689e+02 2.3616020e-25
1.8343893e+02 2.3611320e-25
1.8386194e+02 2.3606635e-25
1.8428593e+02 2.3601963e-25
1.8471089e+02 2.3597305e-25
1.8513684e+02 2.3592660e-25
1.8556377e+02 2.3588030e-25
1.8599168e+02 2.3583414e-25
1.8642058e+02 2.3578811e-25
1.8685046e+02 2.3574222e-25
1.8728134e+02 2.3569647e-25
1.8771321e+02 2.3565086e-25
1.8814608e+02 2.3560538e-25
1.8857995e+02 2.3556004e-25
1.8901482e+02 2.3551484e-25
1.8945068e+02 2.3546978e-25
1.8988756e+02 2.3542486e-25
1.9032544e+02 2.3538007e-25
1.9076433e+02 2.3533543e-25
1.9120424e+02 2.3529092e-25
1.9164516e+02 2.3524654e-25
1.9208709e+02 2.3520231e-25
1.9253005e+02 2.3515821e-25
1.9297402e+02 2.3511425e-25
1.9341902e+02 2.3507043e-25
1.9386505e+02 2.3502674e-25
1.9431210e+02 2.3498320e-25
1.9476019e+02 2.3493978e-25
1.9520930e+02 2.3489651e-25
1.9565946e+02 2.3485338e-25
1.9611065e+02 2.3481038e-25
1.9656288e+02 2.3476752e-25
1.9701616e+02 2.3472479e-25
1.9747048e+02 2.3468220e-25
1.9792585e+02 2.3463975e-25
1.9838227e+02 2.3459744e-25
1.9883974e+02 2.3455526e-25
1.9929826e+02 2.3451323e-25
1.9975785e+02 2.3447132e-25
2.0021849e+02 2.3442956e-25
2.0068020e+02 2.3438793e-25
2.0114297e+02 2.3434644e-25
2.0160680e+02 2.3430509e-25
2.0207171e+02 2.3426387e-25
2.0253769e+02 2.3422279e-25
2.0300474e+02 2.3418185e-25
2.0347287e+02 2.3414104e-25
2.0394208e+02 2.3410037e-25
2.0441237e+02 2.3405984e-25
2.0488375e+02 2.3401944e-25
2.0535621e+02 2.3397918e-25
2.0582977e+02 2.3393906e-25
2.0630441e+02 2.3389907e-25
2.0678015e+02 2.3385923e-25
2.0725699e+02 2.3381951e-25
2.0773492e+02 2.3377994e-25
2.0821396e+02 2.3374050e-25
2.0869411e+02 2.3370120e-25
2.0917536e+02 2.3366204e-25
2.0965772e+02 2.3362301e-25
2.1014119e+02 2.3358412e-25
2.1062578e+02 2.3354536e-25
2.1111148e+02 2.3350675e-25
2.1159831e+02 2.3346827e-25
2.1208625e+02 2.3342992e-25
2.1257533e+02 2.3339172e-25
2.1306553e+02 2.3335365e-25
2.1355686e+02 2.3331571e-25
2.1404932e+02 2.3327792e-25
2.1454292e+02 2.3324026e-25
2.1503766e+02 2.3320274e-25
2.1553354e+02 2.3316535e-25
2.1603056e+02 2.3312810e-25
2.1652873e+02 2.3309099e-25
2.1702804e+02 2.3305402e-25
2.1752851e+02 2.3301718e-25
2.1803013e+02 2.3298048e-25
2.1853291e+02 2.3294392e-25
2.1903685e+02 2.3290749e-25
2.1954195e+02 2.3287120e-25
2.2004822e+02 2.3283505e-25
2.2055565e+02 2.3279904e-25
2.2106425e+02 2.3276316e-25
2.2157403e+02 2.3272742e-25
2.2208498e+02 2.3269182e-25
2.2259711e+02 2.3265635e-25
2.2311042e+02 2.3262103e-25
2.2362491e+02 2.3258584e-25
2.2414060e+02 2.3255078e-25
2.2465747e+02 2.3251587e-25
2.2517553e+02 2.3248109e-25
2.2569478e+02 2.3244645e-25
2.2621524e+02 2.3241195e-25
2.2673689e+02 2.3237758e-25
2.2725975e+02 2.3234336e-25
2.2778381e+02 2.3230927e-25
2.2830908e+02 2.3227532e-25
2.2883556e+02 2.3224150e-25
2.2936326e+02 2.3220783e-25
2.2989217e+02 2.3217429e-25
2.3042231e+02 2.3214089e-25
2.3095366e+02 2.3210763e-25
2.3148624e+02 2.3207451e-25
2.3202005e+02 2.3204153e-25
2.3255509e+02 2.3200868e-25
2.3309137e+02 2.3197597e-25
2.3362888e+02 2.3194340e-25
2.3416763e+02 2.3191097e-25
2.3470762e+02 2.3187868e-25
2.3524886e+02 2.3184653e-25
2.3579134e+02 2.3181452e-25
2.3633508e+02 2.3178264e-25
2.3688007e+02 2.3175090e-25
2.3742632e+02 2.3171931e-25
2.3797382e+02 2.3168785e-25
2.3852259e+02 2.3165653e-25
2.3907263e+02 2.3162535e-25
2.3962393e+02 2.3159431e-25
2.4017651e+02 2.3156341e-25
2.4073036e+02 2.3153265e-25
2.4128548e+02 2.3150203e-25
2.4184189e+02 2.3147155e-25
2.4239958e+02 2.3144120e-25
2.4295855e+02 2.3141100e-25
2.4351882e+02 2.3138094e-25
2.4408037e+02 2.3135102e-25
2.4464322e+02 2.3132124e-25
2.4520737e+02 2.3129160e-25
2.4577282e+02 2.3126209e-25
2.4633958e+02 2.3123273e-25
2.4690764e+02 2.3120351e-25
2.4747701e+02 2.3117444e-25
2.4804769e+02 2.3114550e-25
2.4861969e+02 2.3111670e-25
2.4919301e+02 2.3108804e-25
2.4976765e+02 2.3105953e-25
2.5034362e+02 2.3103116e-25
2.5092091e+02 2.3100292e-25
2.5149954e+02 2.3097483e-25
2.5207950e+02 2.3094689e-25
2.5266080e+02 2.3091908e-25
2.5324343e+02 2.3089141e-25
2.5382742e+02 2.3086389e-25
2.5441274e+02 2.3083651e-25
2.5499942e+02 2.3080927e-25
2.5558745e+02 2.3078218e-25
2.5617684e+02 2.3075522e-25
2.5676758e+02 2.3072841e-25
2.5735969e+02 2.3070174e-25
2.5795317e+02 2.3067522e-25
2.5854801e+02 2.3064884e-25
2.5914422e+02 2.3062260e-25
2.5974181e+02 2.3059651e-25
2.6034078e+02 2.3057055e-25
2.6094112e+02 2.3054475e-25
2.6154286e+02 2.3051908e-25
2.6214598e+02 2.3049356e-25
2.6275049e+02 2.3046819e-25
2.6335639e+02 2.3044296e-25
2.6396369e+02 2.3041787e-25
2.6457240e+02 2.3039293e-25
2.6518250e+02 2.3036813e-25
2.6579401e+02 2.3034348e-25
2.6640694e+02 2.3031898e-25
2.6702127e+02 2.3029462e-25
2.6763703e+02 2.3027040e-25
2.6825420e+02 2.3024633e-25
2.6887280e+02 2.3022241e-25
2.6949282e+02 2.3019863e-25
2.7011427e+02 2.3017500e-25
2.7073716e+02 2.3015151e-25
2.7136148e+02 2.3012817e-25
2.7198724e+02 2.3010498e-25
2.7261444e+02 2.3008194e-25
2.7324310e+02 2.3005904e-25
2.7387320e+02 2.3003629e-25
2.7450475e+02 2.3001369e-25
2.7513776e+02 2.2999123e-25
2.7577223e+02 2.2996893e-25
2.7640816e+02 2.2994677e-25
2.7704556e+02 2.2992476e-25
2.7768443e+02 2.2990290e-25
2.7832477e+02 2.2988118e-25
2.7896659e+02 2.2985962e-25
2.7960989e+02 2.2983821e-25
2.8025467e+02 2.2981694e-25
2.8090094e+02 2.2979583e-25
2.8154870e+02 2.2977486e-25
2.8219796e+02 2.2975404e-25
2.8284871e+02 2.2973338e-25
2.8350096e+02 2.2971287e-25
2.8415471e+02 2.2969250e-25
2.8480998e+02 2.2967229e-25
2.8546675e+02 2.2965223e-25
2.8612504e+02 2.2963232e-25
2.8678485e+02 2.2961256e-25
2.8744617e+02 2.2959296e-25
2.8810903e+02 2.2957350e-25
2.8877341e+02 2.2955420e-25
2.8943932e+02 2.2953505e-25
2.9010677e+02 2.2951606e-25
2.9077576e+02 2.2949722e-25
2.9144629e+02 2.2947853e-25
2.9211837e+02 2.2946000e-25
2.9279200e+02 2.2944162e-25
2.9346718e+02 2.2942339e-25
2.9414391e+02 2.2940532e-25
2.9482221e+02 2.2938741e-25
2.9550207e+02 2.2936965e-25
2.9618350e+02 2.2935204e-25
2.9686651e+02 2.2933460e-25
2.9755108e+02 2.2931731e-25
2.9823724e+02 2.2930017e-25
2.9892498e+02 2.2928319e-25
2.9961430e+02 2.2926637e-25
3.0030521e+02 2.2924971e-25
3.0099772e+02 2.2923321e-25
3.0169182e+02 2.2921686e-25
3.0238752e+02 2.2920068e-25
3.0308483e+02 2.2918465e-25
3.0378375e+02 2.2916878e-25
3.0448428e+02 2.2915307e-25
3.0518642e+02 2.2913753e-25
3.0589018e+02 2.2912214e-25
3.0659557e+02 2.2910692e-25
3.0730258e+02 2.2909186e-25
3.0801122e+02 2.2907696e-25
3.0872150e+02 2.2906223e-25
3.0943341e+02 2.2904765e-25
3.1014697e+02 2.2903325e-25
3.1086217e+02 2.2901901e-25
3.1157902e+02 2.2900493e-25
3.1229752e+02 2.2899103e-25
3.1301768e+02 2.2897729e-25
3.1373950e+02 2.2896372e-25
3.1446299e+02 2.2895032e-25
3.1518814e+02 2.2893709e-25
3.1591497e+02 2.2892403e-25
3.1664347e+02 2.2891115e-25
3.1737365e+02 2.2889845e-25
3.1810552e+02 2.2888592e-25
3.1883907e+02 2.2887357e-25
3.1957432e+02 2.2886141e-25
3.2031126e+02 2.2884943e-25
3.2104990e+02 2.2883764e-25
3.2179024e+02 2.2882604e-25
3.2253229e+02 2.2881464e-25
3.2327606e+02 2.2880345e-25
3.2402153e+02 2.2879246e-25
3.2476873e+02 2.2878170e-25
3.2551765e+02 2.2877117e-25
3.2626829e+02 2.2876088e-25
3.2702067e+02 2.2875085e-25
3.2777478e+02 2.2874111e-25
3.2853063e+02 2.2873168e-25
3.2928823e+02 2.2872261e-25
3.3004757e+02 2.2871393e-25
3.3080866e+02 2.2870574e-25
3.3157151e+02 2.2869812e-25
3.3233612e+02 2.2869124e-25
3.3310249e+02 2.2868531e-25
3.3387062e+02 2.2868069e-25
3.3464053e+02 2.2867795e-25
3.3541221e+02 2.2867808e-25
3.3618568e+02 2.2868290e-25
3.3696092e+02 2.2869612e-25
3.3773796e+02 2.2872615e-25
3.3851679e+02 2.2879581e-25
3.3929741e+02 2.2898672e-25
3.4007983e+02 2.2979278e-25
3.4086406e+02 2.4932873e-25
3.4165009e+02 2.3275407e-25
3.4243794e+02 2.2926507e-25
3.4322760e+02 2.2883275e-25
3.4401909e+02 2.2869620e-25
3.4481240e+02 2.2863366e-25
3.4560754e+02 2.2859816e-25
3.4640451e+02 2.2857489e-25
3.4720333e+02 2.2855801e-25
3.4800398e+02 2.2854481e-25
3.4880648e+02 2.2853393e-25
3.4961083e+02 2.2852459e-25
3.5041703e+02 2.2851635e-25
3.5122510e+02 2.2850894e-25
3.5203503e+02 2.2850216e-25
3.5284682e+02 2.2849590e-25
3.5366049e+02 2.2849007e-25
3.5447603e+02 2.2848462e-25
3.5529346e+02 2.2847950e-25
3.5611277e+02 2.2847469e-25
3.5693397e+02 2.2847016e-25
3.5775706e+02 2.2846588e-25
3.5858205e+02 2.2846185e-25
3.5940894e+02 2.2845807e-25
3.6023774e+02 2.2845451e-25
3.6106845e+02 2.2845117e-25
3.6190108e+02 2.2844805e-25
3.6273563e+02 2.2844514e-25
3.6357210e+02 2.2844244e-25
3.6441050e+02 2.2843995e-25
3.6525083e+02 2.2843767e-25
3.6609310e+02 2.2843559e-25
3.6693731e+02 2.2843371e-25
3.6778347e+02 2.2843203e-25
3.6863159e+02 2.2843056e-25
3.6948165e+02 2.2842928e-25
3.7033368e+02 2.2842820e-25
3.7118767e+02 2.2842733e-25
3.7204364e+02 2.2842665e-25
3.7290157e+02 2.2842617e-25
3.7376148e+02 2.2842589e-25
3.7462338e+02 2.2842581e-25
3.7548727e+02 2.2842592e-25
3.7635314e+02 2.2842624e-25
3.7722102e+02 2.2842676e-25
3.7809089e+02 2.2842747e-25
3.7896277e+02 2.2842839e-25
3.7983666e+02 2.2842950e-25
3.8071257e+02 2.2843082e-25
3.8159049e+02 2.2843234e-25
3.8247044e+02 2.2843406e-25
3.8335242e+02 2.2843598e-25
3.8423644e+02 2.2843810e-25
3.8512249e+02 2.2844043e-25
3.8601059e+02 2.2844296e-25
3.8690073e+02 2.2844569e-25
3.8779292e+02 2.2844863e-25
3.8868718e+02 2.2845177e-25
3.8958349e+02 2.2845512e-25
3.9048188e+02 2.2845867e-25
3.9138233e+02 2.2846243e-25
3.9228486e+02 2.2846639e-25
3.9318947e+02 2.2847057e-25
3.9409617e+02 2.2847495e-25
3.9500496e+02 2.2847954e-25
3.9591584e+02 2.2848434e-25
3.9682883e+02 2.2848935e-25
3.9774392e+02 2.2849457e-25
3.9866112e+02 2.2850000e-25
3.9958044e+02 2.2850564e-25
4.0050187e+02 2.2851150e-25
4.0142543e+02 2.2851757e-25
4.0235112e+02 2.2852385e-25
4.0327895e+02 2.2853034e-25
4.0420891e+02 2.2853705e-25
4.0514102e+02 2.2854398e-25
4.0607528e+02 2.2855112e-25
4.0701169e+02 2.2855848e-25
4.0795026e+02 2.2856605e-25
4.0889100e+02 2.2857384e-25
4.0983390e+02 2.2858186e-25
4.1077898e+02 2.2859009e-25
4.1172624e+02 2.2859854e-25
4.1267569e+02 2.2860721e-25
4.1362732e+02 2.2861610e-25
4.1458115e+02 2.2862522e-25
4.1553718e+02 2.2863456e-25
4.1649541e+02 2.2864412e-25
4.1745585e+02 2.2865391e-25
4.1841851e+02 2.2866392e-25
4.1938338e+02 2.2867415e-25
4.2035048e+02 2.2868461e-25
4.2131982e+02 2.2869530e-25
4.2229138e+02 2.2870622e-25
4.2326519e+02 2.2871737e-25
4.2424124e+02 2.2872874e-25
4.2521955e+02 2.2874035e-25
4.2620010e+02 2.2875218e-25
4.2718293e+02 2.2876425e-25
4.2816801e+02 2.2877655e-25
4.2915537e+02 2.2878908e-25
4.3014501e+02 2.2880185e-25
4.3113692e+02 2.2881485e-25
4.3213113e+02 2.2882809e-25
4.3312763e+02 2.2884156e-25
4.3412642e+02 2.2885527e-25
4.3512752e+02 2.2886921e-25
4.3613093e+02 2.2888340e-25
4.3713665e+02 2.2889782e-25
4.3814469e+02 2.2891249e-25
4.3915506e+02 2.2892739e-25
4.4016775e+02 2.2894254e-25
4.4118278e+02 2.2895793e-25
4.4220015e+02 2.2897356e-25
4.4321987e+02 2.2898944e-25
4.4424194e+02 2.2900556e-25
4.4526636e+02 2.2902193e-25
4.4629315e+02 2.2903854e-25
4.4732231e+02 2.2905540e-25
4.4835383e+02 2.2907251e-25
4.4938774e+02 2.2908987e-25
4.5042403e+02 2.2910748e-25
4.5146271e+02 2.2912534e-25
4.5250379e+02 2.2914345e-25
4.5354727e+02 2.2916181e-25
4.5459315e+02 2.2918043e-25
4.5564145e+02 2.2919930e-25
4.5669216e+02 2.2921843e-25
4.5774529e+02 2.2923781e-25
4.5880086e+02 2.2925745e-25
4.5985886e+02 2.2927735e-25
4.6091930e+02 2.2929750e-25
4.6198218e+02 2.2931792e-25
4.6304751e+02 2.2933860e-25
4.6411530e+02 2.2935954e-25
4.6518556e+02 2.2938074e-25
4.6625828e+02 2.2940220e-25
4.6733347e+02 2.2942393e-25
4.6841115e+02 2.2944592e-25
4.6949131e+02 2.2946818e-25
4.7057396e+02 2.2949071e-25
4.7165911e+02 2.2951351e-25
4.7274676e+02 2.2953657e-25
4.7383691e+02 2.2955991e-25
4.7492958e+02 2.2958351e-25
4.7602478e+02 2.2960739e-25
4.7712249e+02 2.2963154e-25
4.7822274e+02 2.2965596e-25
4.7932553e+02 2.2968066e-25
4.8043085e+02 2.2970564e-25
4.8153873e+02 2.2973089e-25
4.8264916e+02 2.2975642e-25
4.8376216e+02 2.2978223e-25
4.8487772e+02 2.2980832e-25
4.8599585e+02 2.2983469e-25
4.8711656e+02 2.2986134e-25
4.8823985e+02 2.2988827e-25
4.8936574e+02 2.2991549e-25
4.9049422e+02 2.2994299e-25
4.9162530e+02 2.2997078e-25
4.9275899e+02 2.2999886e-25
4.9389530e+02 2.3002723e-25
4.9503423e+02 2.3005588e-25
4.9617578e+02 2.3008482e-25
4.9731996e+02 2.3011406e-25
4.9846679e+02 2.3014359e-25
4.9961626e+02 2.3017341e-25
5.0076837e+02 2.3020353e-25
5.0192315e+02 2.3023394e-25
5.0308059e+02 2.3026465e-25
5.0424070e+02 2.3029566e-25
5.0540348e+02 2.3032696e-25
5.0656894e+02 2.3035857e-25
5.0773710e+02 2.3039048e-25
5.0890794e+02 2.3042269e-25
5.1008149e+02 2.3045520e-25
5.1125774e+02 2.3048802e-25
5.1243670e+02 2.3052114e-25
5.1361839e+02 2.3055457e-25
5.1480279e+02 2.3058831e-25
5.1598993e+02 2.3062236e-25
5.1717981e+02 2.3065672e-25
5.1837243e+02 2.3069139e-25
5.1956780e+02 2.3072637e-25
5.2076593e+02 2.3076167e-25
5.2196682e+02 2.3079728e-25
5.2317048e+02 2.3083321e-25
5.2437691e+02 2.3086946e-25
5.2558613e+02 2.3090602e-25
5.2679814e+02 2.3094291e-25
5.2801294e+02 2.3098012e-25
5.2923054e+02 2.3101764e-25
5.3045095e+02 2.3105550e-25
5.3167417e+02 2.3109367e-25
5.3290022e+02 2.3113218e-25
5.3412909e+02 2.3117101e-25
5.3536079e+02 2.3121017e-25
5.3659534e+02 2.3124966e-25
5.3783273e+02 2.3128948e-25
5.3907298e+02 2.3132963e-25
5.4031609e+02 2.3137012e-25
5.4156206e+02 2.3141094e-25
5.4281090e+02 2.3145209e-25
5.4406263e+02 2.3149359e-25
5.4531724e+02 2.3153542e-25
5.4657475e+02 2.3157760e-25
5.4783515e+02 2.3162011e-25
5.4909847e+02 2.3166297e-25
5.5036469e+02 2.3170617e-25
5.5163384e+02 2.3174972e-25
5.5290591e+02 2.3179362e-25
5.5418091e+02 2.3183786e-25
5.5545886e+02 2.3188245e-25
5.5673975e+02 2.3192739e-25
5.5802360e+02 2.3197269e-25
5.5931040e+02 2.3201834e-25
5.6060018e+02 2.3206434e-25
5.6189293e+02 2.3211070e-25
5.6318866e+02 2.3215742e-25
5.6448737e+02 2.3220449e-25
5.6578909e+02 2.3225193e-25
5.6709380e+02 2.3229973e-25
5.6840152e+02 2.3234789e-25
5.6971226e+02 2.3239642e-25
5.7102602e+02 2.3244531e-25
5.7234281e+02 2.3249457e-25
5.7366264e+02 2.3254420e-25
5.7498551e+02 2.3259420e-25
5.7631143e+02 2.3264457e-25
5.7764041e+02 2.3269531e-25
5.7897245e+02 2.3274643e-25
5.8030757e+02 2.3279793e-25
5.8164576e+02 2.3284980e-25
5.8298704e+02 2.3290206e-25
5.8433141e+02 2.3295469e-25
5.8567889e+02 2.3300770e-25
5.8702947e+02 2.3306110e-25
5.8838316e+02 2.3311489e-25
5.8973998e+02 2.3316906e-25
5.9109992e+02 2.3322362e-25
5.9246300e+02 2.3327857e-25
5.9382923e+02 2.3333391e-25
5.9519860e+02 2.3338964e-25
5.9657113e+02 2.3344577e-25
5.9794683e+02 2.3350229e-25
5.9932570e+02 2.3355921e-25
6.0070775e+02 2.3361653e-25
6.0209299e+02 2.3367425e-25
6.0348142e+02 2.3373237e-25
6.0487305e+02 2.3379090e-25
6.0626789e+02 2.3384983e-25
6.0766595e+02 2.3390917e-25
6.0906723e+02 2.3396892e-25
6.1047175e+02 2.3402907e-25
6.1187950e+02 2.3408964e-25
6.1329050e+02 2.3415063e-25
6.1470475e+02 2.3421202e-25
6.1612226e+02 2.3427384e-25
6.1754305e+02 2.3433607e-25
6.1896711e+02 2.3439872e-25
6.2039445e+02 2.3446180e-25
6.2182508e+02 2.3452530e-25
6.2325902e+02 2.3458922e-25
6.2469626e+02 2.3465357e-25
6.2613681e+02 2.3471835e-25
6.2758069e+02 2.3478356e-25
6.2902789e+02 2.3484920e-25
6.3047844e+02 2.3491527e-25
6.3193232e+02 2.3498178e-25
6.3338957e+02 2.3504873e-25
6.3485017e+02 2.3511611e-25
6.3631414e+02 2.3518394e-25
6.3778148e+02 2.3525220e-25
6.3925221e+02 2.3532092e-25
6.4072633e+02 2.3539008e-25
6.4220385e+02 2.3545968e-25
6.4368478e+02 2.3552974e-25
6.4516912e+02 2.3560025e-25
6.4665688e+02 2.3567121e-25
6.4814808e+02 2.3574263e-25
6.4964271e+02 2.3581450e-25
6.5114080e+02 2.3588684e-25
6.5264233e+02 2.3595963e-25
6.5414733e+02 2.3603289e-25
6.5565580e+02 2.3610662e-25
6.5716775e+02 2.3618082e-25
6.5868318e+02 2.3625549e-25
6.6020211e+02 2.3633063e-25
6.6172454e+02 2.3640626e-25
6.6325048e+02 2.3648237e-25
6.6477994e+02 2.3655897e-25
6.6631293e+02 2.3663608e-25
6.6784945e+02 2.3671369e-25
6.6938952e+02 2.3679184e-25
6.7093314e+02 2.3687056e-25
6.7248031e+02 2.3694990e-25
6.7403106e+02 2.3702999e-25
6.7558538e+02 2.3711109e-25
6.7714328e+02 2.3719396e-25
6.7870478e+02 2.3728137e-25
6.8026988e+02 2.3739116e-25
6.8183859e+02 2.3860450e-25
6.8341091e+02 2.3761628e-25
6.8498686e+02 2.3761640e-25
6.8656645e+02 2.3768836e-25
6.8814967e+02 2.3776862e-25
6.8973655e+02 2.3785141e-25
6.9132709e+02 2.3793545e-25
6.9292130e+02 2.3802035e-25
6.9451918e+02 2.3810594e-25
6.9612074e+02 2.3819214e-25
6.9772600e+02 2.3827891e-25
6.9933497e+02 2.3836624e-25
7.0094764e+02 2.3845412e-25
7.0256403e+02 2.3854254e-25
7.0418415e+02 2.3863149e-25
7.0580800e+02 2.3872098e-25
7.0743560e+02 2.3881100e-25
7.0906695e+02 2.3890156e-25
7.1070206e+02 2.3899265e-25
7.1234095e+02 2.3908428e-25
7.1398361e+02 2.3917645e-25
7.1563006e+02 2.3926915e-25
7.1728031e+02 2.3936240e-25
7.1893437e+02 2.3945619e-25
7.2059223e+02 2.3955052e-25
7.2225393e+02 2.3964540e-25
7.2391945e+02 2.3974083e-25
7.2558881e+02 2.3983681e-25
7.2726203e+02 2.3993334e-25
7.2893910e+02 2.4003043e-25
7.3062004e+02 2.4012807e-25
7.3230485e+02 2.4022627e-25
7.3399355e+02 2.4032504e-25
7.3568615e+02 2.4042436e-25
7.3738265e+02 2.4052425e-25
7.3908306e+02 2.4062470e-25
7.4078739e+02 2.4072573e-25
7.4249565e+02 2.4082732e-25
7.4420785e+02 2.4092949e-25
7.4592400e+02 2.4103224e-25
7.4764410e+02 2.4113556e-25
7.4936818e+02 2.4123946e-25
7.5109623e+02 2.4134394e-25
7.5282826e+02 2.4144901e-25
7.5456429e+02 2.4155466e-25
7.5630432e+02 2.4166091e-25
7.5804836e+02 2.4176774e-25
7.5979643e+02 2.4187516e-25
7.6154852e+02 2.4198318e-25
7.6330466e+02 2.4209180e-25
7.6506485e+02 2.4220102e-25
7.6682909e+02 2.4231083e-25
7.6859741e+02 2.4242126e-25
7.7036980e+02 2.4253228e-25
7.7214628e+02 2.4264392e-25
7.7392685e+02 2.4275617e-25
7.7571153e+02 2.4286903e-25
7.7750033e+02 2.4298250e-25
7.7929325e+02 2.4309659e-25
7.8109031e+02 2.4321131e-25
7.8289151e+02 2.4332664e-25
7.8469686e+02 2.4344260e-25
7.8650638e+02 2.4355918e-25
7.8832007e+02 2.4367639e-25
7.9013794e+02 2.4379424e-25
7.9196000e+02 2.4391272e-25
7.9378627e+02 2.4403183e-25
7.9561675e+02 2.4415158e-25
7.9745144e+02 2.4427197e-25
7.9929037e+02 2.4439300e-25
8.0113354e+02 2.4451468e-25
8.0298096e+02 2.4463700e-25
8.0483264e+02 2.4475998e-25
8.0668859e+02 2.4488360e-25
8.0854882e+02 2.4500788e-25
8.1041334e+02 2.4513282e-25
8.1228216e+02 2.4525842e-25
8.1415529e+02 2.4538467e-25
8.1603274e+02 2.4551159e-25
8.1791452e+02 2.4563918e-25
8.1980064e+02 2.4576743e-25
8.2169110e+02 2.4589635e-25
8.2358593e+02 2.4602595e-25
8.2548512e+02 2.4615622e-25
8.2738870e+02 2.4628717e-25
8.2929666e+02 2.4641880e-25
8.3120903e+02 2.4655111e-25
8.3312580e+02 2.4668410e-25
8.3504700e+02 2.4681778e-25
8.3697262e+02 2.4695216e-25
8.3890269e+02 2.4708722e-25
8.4083720e+02 2.4722298e-25
8.4277618e+02 2.4735943e-25
8.4471963e+02 2.4749658e-25
8.4666756e+02 2.4763443e-25
8.4861998e+02 2.4777299e-25
8.5057690e+02 2.4791225e-25
8.5253834e+02 2.4805222e-25
8.5450430e+02 2.4819290e-25
8.5647479e+02 2.4833430e-25
8.5844983e+02 2.4847641e-25
8.6042942e+02 2.4861923e-25
8.6241358e+02 2.4876278e-25
8.6440231e+02 2.4890705e-25
8.6639563e+02 2.4905204e-25
8.6839354e+02 2.4919777e-25
8.7039607e+02 2.4934422e-25
8.7240321e+02 2.4949140e-25
8.7441498e+02 2.4963932e-25
8.7643138e+02 2.4978797e-25
8.7845244e+02 2.4993737e-25
8.8047816e+02 2.5008750e-25
8.8250855e+02 2.5023838e-25
8.8454362e+02 2.5039001e-25
8.8658338e+02 2.5054238e-25
8.8862785e+02 2.5069551e-25
8.9067703e+02 2.5084939e-25
8.9273094e+02 2.5100402e-25
8.9478959e+02 2.5115942e-25
8.9685298e+02 2.5131557e-25
8.9892113e+02 2.5147249e-25
9.0099405e+02 2.5163017e-25
9.0307175e+02 2.5178862e-25
9.0515424e+02 2.5194784e-25
9.0724153e+02 2.5210783e-25
9.0933364e+02 2.5226860e-25
9.1143057e+02 2.5243014e-25
9.1353233e+02 2.5259247e-25
9.1563894e+02 2.5275557e-25
9.1775041e+02 2.5291946e-25
9.1986675e+02 2.5308414e-25
9.2198797e+02 2.5324960e-25
9.2411408e+02 2.5341586e-25
9.2624510e+02 2.5358291e-25
9.2838103e+02 2.5375075e-25
9.3052188e+02 2.5391940e-25
9.3266767e+02 2.5408884e-25
9.3481841e+02 2.5425909e-25
9.3697411e+02 2.5443014e-25
9.3913478e+02 2.5460200e-25
9.4130043e+02 2.5477467e-25
9.4347108e+02 2.5494815e-25
9.4564673e+02 2.5512245e-25
9.4782740e+02 2.5529756e-25
9.5001309e+02 2.5547349e-25
9.5220383e+02 2.5565025e-25
9.5439962e+02 2.5582782e-25
9.5660047e+02 2.5600622e-25
9.5880640e+02 2.5618545e-25
9.6101742e+02 2.5636551e-25
9.6323353e+02 2.5654641e-25
9.6545475e+02 2.5672813e-25
9.6768110e+02 2.5691070e-25
9.6991258e+02 2.5709410e-25
9.7214920e+02 2.5727834e-25
9.7439099e+02 2.5746343e-25
9.7663794e+02 2.5764936e-25
9.7889008e+02 2.5783615e-25
9.8114740e+02 2.5802378e-25
9.8340994e+02 2.5821226e-25
9.8567769e+02 2.5840160e-25
9.8795067e+02 2.5859180e-25
9.9022889e+02 2.5878285e-25
9.9251237e+02 2.5897477e-25
9.9480111e+02 2.5916755e-25
9.9709513e+02 2.5936120e-25
9.9939443e+02 2.5955571e-25
1.0016990e+03 2.5975110e-25
1.0040090e+03 2.5994737e-25
1.0063242e+03 2.6014452e-25
1.0086448e+03 2.6034256e-25
1.0109708e+03 2.6054151e-25
1.0133021e+03 2.6074140e-25
1.0156387e+03 2.6094233e-25
1.0179808e+03 2.6114460e-25
1.0203283e+03 2.6135025e-25
1.0226812e+03 2.6166662e-25
1.0250395e+03 2.6176577e-25
1.0274032e+03 2.6196037e-25
1.0297724e+03 2.6216493e-25
1.0321471e+03 2.6237135e-25
1.0345272e+03 2.6257890e-25
1.0369129e+03 2.6278745e-25
1.0393040e+03 2.6299694e-25
1.0417006e+03 2.6320734e-25
1.0441028e+03 2.6341867e-25
1.0465105e+03 2.6363091e-25
1.0489238e+03 2.6384406e-25
1.0513426e+03 2.6405812e-25
1.0537670e+03 2.6427310e-25
1.0561970e+03 2.6448898e-25
1.0586326e+03 2.6470579e-25
1.0610738e+03 2.6492351e-25
1.0635207e+03 2.6514215e-25
1.0659731e+03 2.6536171e-25
1.0684313e+03 2.6558218e-25
1.0708951e+03 2.6580359e-25
1.0733646e+03 2.6602591e-25
1.0758398e+03 2.6624916e-25
1.0783207e+03 2.6647334e-25
1.0808073e+03 2.6669845e-25
1.0832996e+03 2.6692448e-25
1.0857977e+03 2.6715145e-25
1.0883016e+03 2.6737935e-25
1.0908112e+03 2.6760818e-25
1.0933266e+03 2.6783795e-25
1.0958479e+03 2.6806866e-25
1.0983749e+03 2.6830030e-25
1.1009078e+03 2.6853288e-25
1.1034465e+03 2.6876641e-25
1.1059910e+03 2.6900087e-25
1.1085414e+03 2.6923628e-25
1.1110977e+03 2.6947264e-25
1.1136599e+03 2.6970994e-25
1.1162281e+03 2.6994818e-25
1.1188021e+03 2.7018737e-25
1.1213820e+03 2.7042751e-25
1.1239680e+03 2.7066861e-25
1.1265598e+03 2.7091065e-25
1.1291577e+03 2.7115364e-25
1.1317615e+03 2.7139759e-25
1.1343714e+03 2.7164249e-25
1.1369873e+03 2.7188834e-25
1.1396092e+03 2.7213515e-25
1.1422371e+03 2.7238292e-25
1.1448711e+03 2.7263164e-25
1.1475112e+03 2.7288132e-25
1.1501574e+03 2.7313196e-25
1.1528096e+03 2.7338356e-25
1.1554680e+03 2.7363612e-25
1.1581325e+03 2.7388963e-25
1.1608032e+03 2.7414411e-25
1.1634800e+03 2.7439955e-25
1.1661630e+03 2.7465595e-25
1.1688522e+03 2.7491332e-25
1.1715476e+03 2.7517165e-25
1.1742492e+03 2.7543094e-25
1.1769570e+03 2.7569119e-25
1.1796711e+03 2.7595241e-25
1.1823914e+03 2.7621459e-25
1.1851180e+03 2.7647774e-25
1.1878509e+03 2.7674185e-25
1.1905901e+03 2.7700692e-25
1.1933356e+03 2.7727296e-25
1.1960875e+03 2.7753997e-25
1.1988456e+03 2.7780793e-25
1.2016102e+03 2.7807687e-25
1.2043811e+03 2.7834677e-25
1.2071584e+03 2.7861763e-25
1.2099421e+03 2.7888946e-25
1.2127323e+03 2.7916225e-25
1.2155288e+03 2.7943600e-25
1.2183319e+03 2.7971072e-25
1.2211413e+03 2.7998640e-25
1.2239573e+03 2.8026304e-25
1.2267798e+03 2.8054065e-25
1.2296087e+03 2.8081922e-25
1.2324442e+03 2.8109875e-25
1.2352862e+03 2.8137923e-25
1.2381348e+03 2.8166068e-25
1.2409900e+03 2.8194309e-25
1.2438517e+03 2.8222645e-25
1.2467200e+03 2.8251078e-25
1.2495950e+03 2.8279606e-25
1.2524766e+03 2.8308229e-25
1.2553648e+03 2.8336948e-25
1.2582597e+03 2.8365762e-25
1.2611612e+03 2.8394671e-25
1.2640695e+03 2.8423676e-25
1.2669844e+03 2.8452775e-25
1.2699061e+03 2.8481970e-25
1.2728345e+03 2.8511259e-25
1.2757697e+03 2.8540642e-25
1.2787116e+03 2.8570120e-25
1.2816603e+03 2.8599692e-25
1.2846158e+03 2.8629359e-25
1.2875782e+03 2.8659119e-25
1.2905473e+03 2.8688973e-25
1.2935233e+03 2.8718920e-25
1.2965062e+03 2.8748961e-25
1.2994960e+03 2.8779095e-25
1.3024926e+03 2.8809322e-25
1.3054962e+03 2.8839642e-25
1.3085067e+03 2.8870054e-25
1.3115241e+03 2.8900558e-25
1.3145485e+03 2.8931155e-25
1.3175798e+03 2.8961844e-25
1.3206182e+03 2.8992624e-25
1.3236635e+03 2.9023495e-25
1.3267159e+03 2.9054458e-25
1.3297753e+03 2.9085511e-25
1.3328418e+03 2.9116655e-25
1.3359154e+03 2.9147890e-25
1.3389960e+03 2.9179214e-25
1.3420837e+03 2.9210628e-25
1.3451786e+03 2.9242133e-25
1.3482806e+03 2.9273726e-25
1.3513897e+03 2.9305410e-25
1.3545060e+03 2.9337186e-25
1.3576295e+03 2.9369061e-25
1.3607602e+03 2.9401093e-25
1.3638982e+03 2.9442144e-25
1.3670433e+03 2.9465322e-25
1.3701957e+03 2.9497371e-25
1.3733554e+03 2.9529638e-25
1.3765224e+03 2.9562008e-25
1.3796966e+03 2.9594467e-25
1.3828782e+03 2.9627013e-25
1.3860672e+03 2.9659644e-25
1.3892634e+03 2.9692360e-25
1.3924671e+03 2.9725160e-25
1.3956781e+03 2.9758043e-25
1.3988966e+03 2.9791009e-25
1.4021224e+03 2.9824058e-25
1.4053558e+03 2.9857188e-25
1.4085965e+03 2.9890400e-25
1.4118448e+03 2.9923693e-25
1.4151005e+03 2.9957066e-25
1.4183637e+03 2.9990519e-25
1.4216345e+03 3.0024051e-25
1.4249128e+03 3.0057662e-25
1.4281986e+03 3.0091351e-25
1.4314921e+03 3.0125118e-25
1.4347931e+03 3.0158962e-25
1.4381017e+03 3.0192883e-25
1.4414180e+03 3.0226879e-25
1.4447419e+03 3.0260951e-25
1.4480735e+03 3.0295097e-25
1.4514128e+03 3.0329318e-25
1.4547598e+03 3.0363612e-25
1.4581144e+03 3.0397978e-25
1.4614769e+03 3.0432417e-25
1.4648470e+03 3.0466928e-25
1.4682250e+03 3.0501509e-25
1.4716107e+03 3.0536160e-25
1.4750043e+03 3.0570881e-25
1.4784056e+03 3.0605670e-25
1.4818149e+03 3.0640527e-25
1.4852319e+03 3.0675451e-25
1.4886569e+03 3.0710442e-25
1.4920897e+03 3.0745499e-25
1.4955305e+03 3.0780620e-25
1.4989792e+03 3.0815806e-25
1.5024359e+03 3.0851055e-25
1.5059005e+03 3.0886366e-25
1.5093731e+03 3.0921739e-25
1.5128538e+03 3.0957173e-25
1.5163424e+03 3.0992667e-25
1.5198391e+03 3.1028220e-25
1.5233439e+03 3.1063831e-25
1.5268567e+03 3.1099499e-25
1.5303776e+03 3.1135224e-25
1.5339067e+03 3.1171004e-25
1.5374439e+03 3.1206839e-25
1.5409893e+03 3.1242727e-25
1.5445428e+03 3.1278668e-25
1.5481045e+03 3.1314661e-25
1.5516745e+03 3.1350704e-25
1.5552526e+03 3.1386797e-25
1.5588391e+03 3.1422939e-25
1.5624338e+03 3.1459128e-25
1.5660367e+03 3.1495363e-25
1.5696480e+03 3.1531644e-25
1.5732677e+03 3.1567970e-25
1.5768956e+03 3.1604338e-25
1.5805320e+03 3.1640749e-25
1.5841767e+03 3.1677201e-25
1.5878298e+03 3.1713693e-25
1.5914913e+03 3.1750223e-25
1.5951613e+03 3.1786791e-25
1.5988398e+03 3.1823395e-25
1.6025267e+03 3.1860034e-25
1.6062222e+03 3.1896707e-25
1.6099261e+03 3.1933413e-25
1.6136386e+03 3.1970151e-25
1.6173597e+03 3.2006918e-25
1.6210893e+03 3.2043714e-25
1.6248276e+03 3.2080538e-25
1.6285744e+03 3.2117388e-25
1.6323300e+03 3.2154262e-25
1.6360941e+03 3.2191161e-25
1.6398670e+03 3.2228081e-25
1.6436485e+03 3.2265022e-25
1.6474388e+03 3.2301982e-25
1.6512378e+03 3.2338960e-25
1.6550456e+03 3.2375955e-25
1.6588621e+03 3.2412965e-25
1.6626874e+03 3.2449987e-25
1.6665216e+03 3.2487022e-25
1.6703646e+03 3.2524068e-25
1.6742165e+03 3.2561122e-25
1.6780773e+03 3.2598184e-25
1.6819469e+03 3.2635251e-25
1.6858255e+03 3.2672323e-25
1.6897130e+03 3.2709398e-25
1.6936095e+03 3.2746475e-25
1.6975150e+03 3.2783556e-25
1.7014295e+03 3.2820662e-25
1.7053530e+03 3.3077468e-25
1.7092855e+03 3.2894787e-25
1.7132272e+03 3.2931809e-25
1.7171779e+03 3.2968848e-25
1.7211377e+03 3.3005879e-25
1.7251067e+03 3.3042898e-25
1.7290848e+03 3.3079903e-25
1.7330721e+03 3.3116892e-25
1.7370685e+03 3.3153863e-25
1.7410742e+03 3.3190813e-25
1.7450892e+03 3.3227741e-25
1.7491133e+03 3.3264644e-25
1.7531468e+03 3.3301522e-25
1.7571896e+03 3.3338372e-25
1.7612417e+03 3.3375191e-25
1.7653031e+03 3.3411979e-25
1.7693739e+03 3.3448732e-25
1.7734541e+03 3.3485449e-25
1.7775437e+03 3.3522128e-25
1.7816427e+03 3.3558767e-25
1.7857512e+03 3.3595363e-25
1.7898692e+03 3.3631914e-25
1.7939966e+03 3.3668419e-25
1.7981336e+03 3.3704874e-25
1.8022801e+03 3.3741279e-25
1.8064362e+03 3.3777630e-25
1.8106018e+03 3.3813925e-25
1.8147771e+03 3.3850162e-25
1.8189620e+03 3.3886339e-25
1.8231565e+03 3.3922454e-25
1.8273607e+03 3.3958503e-25
1.8315746e+03 3.3994485e-25
1.8357983e+03 3.4030397e-25
1.8400316e+03 3.4066237e-25
1.8442748e+03 3.4102003e-25
1.8485277e+03 3.4137691e-25
1.8527904e+03 3.4173299e-25
1.8570629e+03 3.4208825e-25
1.8613453e+03 3.4244267e-25
1.8656376e+03 3.4279621e-25
1.8699398e+03 3.4314885e-25
1.8742519e+03 3.4350057e-25
1.8785739e+03 3.4385134e-25
1.8829059e+03 3.4420112e-25
1.8872479e+03 3.4454990e-25
1.8915999e+03 3.4489764e-25
1.8959620e+03 3.4524433e-25
1.9003341e+03 3.4558992e-25
1.9047163e+03 3.4593440e-25
1.9091086e+03 3.4627773e-25
1.9135110e+03 3.4661989e-25
1.9179235e+03 3.4696084e-25
1.9223463e+03 3.4730056e-25
1.9267792e+03 3.4763902e-25
1.9312224e+03 3.4797618e-25
1.9356758e+03 3.4831203e-25
1.9401395e+03 3.4864652e-25
1.9446135e+03 3.4897962e-25
1.9490978e+03 3.4931132e-25
1.9535924e+03 3.4964156e-25
1.9580974e+03 3.4997033e-25
1.9626128e+03 3.5029760e-25
1.9671386e+03 3.5062332e-25
1.9716748e+03 3.5094746e-25
1.9762215e+03 3.5127001e-25
1.9807787e+03 3.5159091e-25
1.9853464e+03 3.5191014e-25
1.9899246e+03 3.5222767e-25
1.9945134e+03 3.5254345e-25
1.9991128e+03 3.5285747e-25
2.0037227e+03 3.5316967e-25
2.0083433e+03 3.5348004e-25
2.0129746e+03 3.5378852e-25
2.0176165e+03 3.5409510e-25
2.0222692e+03 3.5439972e-25
2.0269325e+03 3.5470237e-25
2.0316067e+03 3.5500299e-25
2.0362916e+03 3.5530157e-25
2.0409873e+03 3.5559814e-25
2.0456938e+03 3.5590467e-25
2.0504112e+03 3.5618472e-25
2.0551394e+03 3.5647452e-25
2.0598786e+03 3.5676221e-25
2.0646287e+03 3.5704764e-25
2.0693898e+03 3.5733075e-25
2.0741618e+03 3.5761150e-25
2.0789448e+03 3.5788986e-25
2.0837389e+03 3.5816577e-25
2.0885440e+03 3.5843921e-25
2.0933602e+03 3.5871013e-25
2.0981875e+03 3.5897848e-25
2.1030259e+03 3.5924424e-25
2.1078755e+03 3.5950736e-25
2.1127363e+03 3.5976779e-25
2.1176083e+03 3.6002549e-25
2.1224915e+03 3.6028043e-25
2.1273860e+03 3.6053256e-25
2.1322918e+03 3.6078183e-25
2.1372088e+03 3.6102821e-25
2.1421373e+03 3.6127165e-25
2.1470771e+03 3.6151211e-25
2.1520282e+03 3.6174953e-25
2.1569908e+03 3.6198389e-25
2.1619649e+03 3.6221513e-25
2.1669504e+03 3.6244321e-25
2.1719474e+03 3.6266808e-25
2.1769559e+03 3.6288969e-25
2.1819760e+03 3.6310801e-25
2.1870076e+03 3.6332298e-25
2.1920509e+03 3.6353456e-25
2.1971058e+03 3.6374270e-25
2.2021723e+03 3.6394736e-25
2.2072505e+03 3.6414847e-25
2.2123405e+03 3.6434601e-25
2.2174421e+03 3.6453991e-25
2.2225556e+03 3.6473014e-25
2.2276808e+03 3.6491663e-25
2.2328179e+03 3.6509935e-25
2.2379668e+03 3.6527824e-25
2.2431275e+03 3.6545325e-25
2.2483002e+03 3.6562433e-25
2.2534848e+03 3.6579143e-25
2.2586814e+03 3.6595450e-25
2.2638899e+03 3.6611349e-25
2.2691104e+03 3.6626834e-25
2.2743430e+03 3.6641901e-25
2.2795877e+03 3.6656544e-25
2.2848444e+03 3.6670758e-25
2.2901133e+03 3.6684537e-25
2.2953943e+03 3.6697877e-25
2.3006875e+03 3.6710772e-25
2.3059929e+03 3.6723216e-25
2.3113105e+03 3.6735204e-25
2.3166404e+03 3.6746730e-25
2.3219826e+03 3.6757790e-25
2.3273371e+03 3.6768377e-25
2.3327040e+03 3.6778486e-25
2.3380832e+03 3.6788111e-25
2.3434749e+03 3.6797247e-25
2.3488789e+03 3.6805888e-25
2.3542955e+03 3.6814028e-25
2.3597245e+03 3.6821662e-25
2.3651660e+03 3.6828784e-25
2.3706201e+03 3.6835388e-25
2.3760868e+03 3.6841468e-25
2.3815661e+03 3.6847024e-25
2.3870580e+03 3.6926772e-25
2.3925626e+03 3.6856511e-25
2.3980798e+03 3.6860431e-25
2.4036098e+03 3.6863802e-25
2.4091526e+03 3.6866615e-25
2.4147081e+03 3.6868862e-25
2.4202764e+03 3.6870537e-25
2.4258576e+03 3.6871635e-25
2.4314516e+03 3.6872149e-25
2.4370586e+03 3.6872072e-25
2.4426785e+03 3.6871400e-25
2.4483113e+03 3.6870125e-25
2.4539571e+03 3.6868242e-25
2.4596160e+03 3.6865744e-25
2.4652879e+03 3.6862624e-25
2.4709728e+03 3.6858877e-25
2.4766709e+03 3.6854495e-25
2.4823821e+03 3.6849474e-25
2.4881065e+03 3.6843805e-25
2.4938441e+03 3.6837484e-25
2.4995949e+03 3.6830502e-25
2.5053590e+03 3.6822854e-25
2.5111364e+03 3.6814534e-25
2.5169271e+03 3.6805534e-25
2.5227312e+03 3.6795848e-25
2.5285486e+03 3.6785470e-25
2.5343794e+03 3.6774393e-25
2.5402237e+03 3.6762610e-25
2.5460815e+03 3.6750114e-25
2.5519528e+03 3.6736899e-25
2.5578376e+03 3.6722959e-25
2.5637360e+03 3.6708286e-25
2.5696480e+03 3.6692873e-25
2.5755736e+03 3.6676714e-25
2.5815129e+03 3.6659802e-25
2.5874659e+03 3.6642131e-25
2.5934326e+03 3.6964450e-25
2.5994131e+03 3.6604481e-25
2.6054074e+03 3.6584488e-25
2.6114155e+03 3.6563709e-25
2.6174374e+03 3.6542135e-25
2.6234732e+03 3.6519760e-25
2.6295230e+03 3.6496577e-25
2.6355867e+03 3.6472579e-25
2.6416644e+03 3.6447759e-25
2.6477561e+03 3.6422110e-25
2.6538618e+03 3.6395625e-25
2.6599816e+03 3.6368296e-25
2.6661156e+03 3.6340118e-25
2.6722637e+03 3.6311083e-25
2.6784259e+03 3.6281183e-25
2.6846024e+03 3.6250412e-25
2.6907931e+03 3.6218763e-25
2.6969981e+03 3.6186229e-25
2.7032174e+03 3.6152802e-25
2.7094510e+03 3.6118476e-25
2.7156991e+03 3.6083244e-25
2.7219615e+03 3.6047100e-25
2.7282383e+03 3.6011441e-25
2.7345297e+03 3.5972037e-25
2.7408355e+03 3.5933104e-25
2.7471559e+03 3.5893231e-25
2.7534909e+03 3.5852768e-25
2.7598405e+03 3.5812113e-25
2.7662047e+03 3.5770501e-25
2.7725836e+03 3.5727924e-25
2.7789772e+03 3.5684375e-25
2.7853855e+03 3.5639846e-25
2.7918086e+03 3.5594333e-25
2.7982465e+03 3.5547826e-25
2.8046993e+03 3.5500320e-25
2.8111670e+03 3.5451807e-25
2.8176496e+03 3.5402281e-25
2.8241471e+03 3.5351735e-25
2.8306596e+03 3.5300162e-25
2.8371871e+03 3.5247555e-25
2.8437297e+03 3.5193907e-25
2.8502873e+03 3.5139213e-25
2.8568601e+03 3.5083464e-25
2.8634481e+03 3.5026654e-25
2.8700512e+03 3.4968778e-25
2.8766696e+03 3.4909827e-25
2.8833032e+03 3.4849795e-25
2.8899521e+03 3.4788677e-25
2.8966164e+03 3.4726465e-25
2.9032960e+03 3.4663153e-25
2.9099910e+03 3.4598735e-25
2.9167015e+03 3.4533204e-25
2.9234274e+03 3.4466553e-25
2.9301688e+03 3.4398778e-25
2.9369258e+03 3.4329871e-25
2.9436984e+03 3.4259826e-25
2.9504866e+03 3.4188637e-25
2.9572904e+03 3.4116299e-25
2.9641100e+03 3.4042805e-25
2.9709452e+03 3.3968149e-25
2.9777963e+03 3.3892325e-25
2.9846631e+03 3.3815329e-25
2.9915457e+03 3.3737154e-25
2.9984443e+03 3.3657794e-25
3.0053587e+03 3.3577244e-25
3.0122891e+03 3.3495500e-25
3.0192354e+03 3.3412554e-25
3.0261978e+03 3.3328403e-25
3.0331763e+03 3.3243040e-25
3.0401708e+03 3.3156462e-25
3.0471814e+03 3.3068663e-25
3.0542083e+03 3.2979639e-25
3.0612513e+03 3.2889385e-25
3.0683106e+03 3.2798942e-25
3.0753861e+03 3.2705167e-25
3.0824780e+03 3.2611192e-25
3.0895862e+03 3.2515972e-25
3.0967108e+03 3.2419499e-25
3.1038518e+03 3.2321772e-25
3.1110093e+03 3.2222785e-25
3.1181833e+03 3.2122535e-25
3.1253739e+03 3.2021018e-25
3.1325810e+03 3.1918233e-25
3.1398048e+03 3.1814174e-25
3.1470452e+03 3.1708841e-25
3.1543023e+03 3.1602229e-25
3.1615762e+03 3.1494337e-25
3.1688668e+03 3.1385161e-25
3.1761742e+03 3.1274701e-25
3.1834985e+03 3.1162954e-25
3.1908397e+03 3.1049918e-25
3.1981978e+03 3.0935593e-25
3.2055728e+03 3.0819976e-25
3.2129649e+03 3.0703067e-25
3.2203740e+03 3.0584866e-25
3.2278002e+03 3.0465372e-25
3.2352436e+03 3.0344585e-25
3.2427041e+03 3.0222505e-25
3.2501818e+03 3.0099132e-25
3.2576767e+03 2.9974468e-25
3.2651889e+03 2.9848513e-25
3.2727185e+03 2.9721268e-25
3.2802654e+03 2.9592737e-25
3.2878297e+03 2.9462920e-25
3.2954115e+03 2.9331821e-25
3.3030107e+03 2.9199442e-25
3.3106275e+03 2.9065786e-25
3.3182618e+03 2.8930858e-25
3.3259138e+03 2.8794660e-25
3.3335833e+03 2.8657199e-25
3.3412706e+03 2.8518478e-25
3.3489756e+03 2.8378504e-25
3.3566984e+03 2.8237283e-25
3.3644389e+03 2.8094820e-25
3.3721974e+03 2.7951124e-25
3.3799737e+03 2.7806201e-25
3.3877679e+03 2.7660059e-25
3.3955801e+03 2.7512709e-25
3.4034104e+03 2.7364161e-25
3.4112587e+03 2.7214442e-25
3.4191251e+03 2.7063498e-25
3.4270096e+03 2.6911409e-25
3.4349123e+03 2.6758166e-25
3.4428332e+03 2.6603779e-25
3.4507724e+03 2.6448263e-25
3.4587299e+03 2.6291633e-25
3.4667058e+03 2.6133903e-25
3.4747000e+03 2.5975089e-25
3.4827127e+03 2.5815210e-25
3.4907439e+03 2.5654282e-25
3.4987936e+03 2.5492325e-25
3.5068618e+03 2.5329359e-25
3.5149487e+03 2.5165406e-25
3.5230542e+03 2.5000486e-25
3.5311784e+03 2.4834624e-25
3.5393213e+03 2.4667845e-25
3.5474830e+03 2.4500173e-25
3.5556635e+03 2.4331637e-25
3.5638629e+03 2.4162265e-25
3.5720812e+03 2.3992086e-25
3.5803184e+03 2.3821133e-25
3.5885747e+03 2.3649438e-25
3.5968500e+03 2.3477035e-25
3.6051443e+03 2.3303961e-25
3.6134578e+03 2.3130255e-25
3.6217905e+03 2.2955954e-25
3.6301424e+03 2.2781103e-25
3.6385135e+03 2.2605743e-25
3.6469039e+03 2.2429921e-25
3.6553137e+03 2.2253684e-25
3.6637429e+03 2.2077083e-25
3.6721915e+03 2.1900170e-25
3.6806596e+03 2.1722999e-25
3.6891472e+03 2.1545629e-25
3.6976544e+03 2.1368119e-25
3.7061813e+03 2.1190531e-25
3.7147277e+03 2.1012932e-25
3.7232939e+03 2.0835389e-25
3.7318799e+03 2.0657975e-25
3.7404856e+03 2.0480764e-25
3.7491112e+03 2.0304028e-25
3.7577567e+03 2.0127265e-25
3.7664221e+03 1.9951142e-25
3.7751075e+03 1.9775557e-25
3.7838129e+03 1.9600600e-25
3.7925384e+03 1.9426368e-25
3.8012841e+03 1.9252961e-25
3.8100498e+03 1.9080485e-25
3.8188359e+03 1.8909048e-25
3.8276421e+03 1.8738764e-25
3.8364687e+03 1.8569751e-25
3.8453156e+03 1.8402132e-25
3.8541829e+03 1.8236034e-25
3.8630707e+03 1.8071590e-25
3.8719790e+03 1.7908938e-25
3.8809078e+03 1.7748220e-25
3.8898572e+03 1.7589584e-25
3.8988272e+03 1.7433182e-25
3.9078180e+03 1.7279173e-25
3.9168294e+03 1.7127721e-25
3.9258617e+03 1.6978993e-25
3.9349147e+03 1.6833163e-25
3.9439887e+03 1.6690410e-25
3.9530835e+03 1.6550916e-25
3.9621994e+03 1.6414871e-25
3.9713362e+03 1.6282466e-25
3.9804942e+03 1.6153899e-25
3.9896732e+03 1.6029370e-25
3.9988734e+03 1.5909083e-25
4.0080949e+03 1.5793245e-25
4.0173376e+03 1.5682067e-25
4.0266016e+03 1.5575759e-25
4.0358870e+03 1.5474536e-25
4.0451937e+03 1.5378610e-25
4.0545220e+03 1.5288197e-25
4.0638718e+03 1.5203508e-25
4.0732431e+03 1.5124755e-25
4.0826360e+03 1.5052149e-25
4.0920506e+03 1.4985919e-25
4.1014869e+03 1.4926181e-25
4.1109450e+03 1.4873218e-25
4.1204248e+03 1.4827188e-25
4.1299266e+03 1.4788272e-25
4.1394502e+03 1.4756642e-25
4.1489958e+03 1.4732459e-25
4.1585634e+03 1.4715876e-25
4.1681531e+03 1.4707031e-25
4.1777649e+03 1.4706052e-25
4.1873988e+03 1.4713052e-25
4.1970550e+03 1.4728133e-25
4.2067335e+03 1.4751379e-25
4.2164342e+03 1.4782860e-25
4.2261574e+03 1.4822633e-25
4.2359029e+03 1.4870736e-25
4.2456709e+03 1.4927194e-25
4.2554615e+03 1.4992015e-25
4.2652746e+03 1.5065192e-25
4.2751104e+03 1.5146704e-25
4.2849688e+03 1.5236513e-25
4.2948500e+03 1.5334570e-25
4.3047539e+03 1.5440808e-25
4.3146807e+03 1.5555152e-25
4.3246304e+03 1.5677512e-25
4.3346030e+03 1.5807788e-25
4.3445987e+03 1.5945868e-25
4.3546173e+03 1.6091632e-25
4.3646591e+03 1.6244951e-25
4.3747241e+03 1.6405689e-25
4.3848122e+03 1.6573701e-25
4.3949236e+03 1.6748838e-25
4.4050583e+03 1.6930946e-25
4.4152164e+03 1.7119867e-25
4.4253980e+03 1.7315438e-25
4.4356030e+03 1.7517493e-25
4.4458315e+03 1.7725863e-25
4.4560836e+03 1.7940385e-25
4.4663594e+03 1.8160888e-25
4.4766588e+03 1.8387201e-25
4.4869821e+03 1.8619156e-25
4.4973291e+03 1.8856584e-25
4.5076999e+03 1.9099318e-25
4.5180947e+03 1.9347192e-25
4.5285135e+03 1.9600040e-25
4.5389563e+03 1.9857701e-25
4.5494231e+03 2.0120014e-25
4.5599142e+03 2.0386821e-25
4.5704294e+03 2.0657965e-25
4.5809688e+03 2.0933295e-25
4.5915325e+03 2.1212658e-25
4.6021207e+03 2.1495907e-25
4.6127332e+03 2.1782897e-25
4.6233702e+03 2.2073486e-25
4.6340317e+03 2.2367532e-25
4.6447178e+03 2.2664901e-25
4.6554286e+03 2.2965456e-25
4.6661640e+03 2.3269066e-25
4.6769242e+03 2.3575603e-25
4.6877093e+03 2.3884939e-25
4.6985192e+03 2.4196950e-25
4.7093540e+03 2.4511514e-25
4.7202138e+03 2.4828513e-25
4.7310986e+03 2.5147827e-25
4.7420086e+03 2.5469344e-25
4.7529437e+03 2.5792949e-25
4.7639040e+03 2.6118532e-25
4.7748896e+03 2.6445984e-25
4.7859005e+03 2.6775195e-25
4.7969369e+03 2.7106062e-25
4.8079986e+03 2.7438482e-25
4.8190859e+03 2.7772351e-25
4.8301988e+03 2.8107569e-25
4.8413372e+03 2.8444037e-25
4.8525014e+03 2.8781656e-25
4.8636913e+03 2.9120330e-25
4.8749070e+03 2.9459962e-25
4.8861486e+03 2.9800460e-25
4.8974161e+03 3.0141730e-25
4.9087096e+03 3.0483678e-25
4.9200291e+03 3.0826215e-25
4.9313747e+03 3.1169249e-25
4.9427465e+03 3.1512690e-25
4.9541445e+03 3.1856450e-25
4.9655688e+03 3.2200441e-25
4.9770194e+03 3.2544575e-25
4.9884965e+03 3.2888764e-25
5.0000000e+03 3.3232924e-25
