5.0000000e+00 1.1679779e-22
5.0115300e+00 1.1355183e-22
5.0230867e+00 1.1040613e-22
5.0346699e+00 1.0735715e-22
5.0462799e+00 1.0440152e-22
5.0579167e+00 1.0153598e-22
5.0695803e+00 9.8757418e-23
5.0812708e+00 9.6062840e-23
5.0929882e+00 9.3449373e-23
5.1047327e+00 9.0914259e-23
5.1165042e+00 8.8454847e-23
5.1283029e+00 8.6068591e-23
5.1401288e+00 8.3753041e-23
5.1519820e+00 8.1505845e-23
5.1638625e+00 7.9324738e-23
5.1757704e+00 7.7207543e-23
5.1877058e+00 7.5152164e-23
5.1996687e+00 7.3156584e-23
5.2116592e+00 7.1218862e-23
5.2236773e+00 6.9337129e-23
5.2357231e+00 6.7509585e-23
5.2477968e+00 6.5734493e-23
5.2598982e+00 6.4010185e-23
5.2720276e+00 6.2335047e-23
5.2841849e+00 6.0707529e-23
5.2963703e+00 5.9126132e-23
5.3085838e+00 5.7589413e-23
5.3208254e+00 5.6095979e-23
5.3330953e+00 5.4644487e-23
5.3453934e+00 5.3233639e-23
5.3577199e+00 5.1862185e-23
5.3700749e+00 5.0528917e-23
5.3824583e+00 4.9232668e-23
5.3948703e+00 4.7972312e-23
5.4073109e+00 4.6746761e-23
5.4197802e+00 4.5554965e-23
5.4322783e+00 4.4395907e-23
5.4448051e+00 4.3268607e-23
5.4573609e+00 4.2172117e-23
5.4699456e+00 4.1105519e-23
5.4825594e+00 4.0067928e-23
5.4952022e+00 3.9058486e-23
5.5078742e+00 3.8076365e-23
5.5205754e+00 3.7120763e-23
5.5333058e+00 3.6190903e-23
5.5460657e+00 3.5286037e-23
5.5588550e+00 3.4405436e-23
5.5716737e+00 3.3548400e-23
5.5845220e+00 3.2714247e-23
5.5974000e+00 3.1902319e-23
5.6103076e+00 3.1111977e-23
5.6232451e+00 3.0342605e-23
5.6362123e+00 2.9593605e-23
5.6492094e+00 2.8864397e-23
5.6622366e+00 2.8154419e-23
5.6752937e+00 2.7463130e-23
5.6883810e+00 2.6790000e-23
5.7014985e+00 2.6134521e-23
5.7146461e+00 2.5496197e-23
5.7278242e+00 2.4874549e-23
5.7410326e+00 2.4269112e-23
5.7542714e+00 2.3679434e-23
5.7675408e+00 2.3105080e-23
5.7808408e+00 2.2545625e-23
5.7941715e+00 2.2000659e-23
5.8075329e+00 2.1469782e-23
5.8209251e+00 2.0952608e-23
5.8343482e+00 2.0448762e-23
5.8478023e+00 1.9957879e-23
5.8612873e+00 1.9479608e-23
5.8748035e+00 1.9013604e-23
5.8883508e+00 1.8559536e-23
5.9019294e+00 1.8117080e-23
5.9155393e+00 1.7685924e-23
5.9291806e+00 1.7265762e-23
5.9428533e+00 1.6856301e-23
5.9565576e+00 1.6457253e-23
5.9702935e+00 1.6068339e-23
5.9840610e+00 1.5689290e-23
5.9978603e+00 1.5319842e-23
6.0116914e+00 1.4959741e-23
6.0255544e+00 1.4608740e-23
6.0394494e+00 1.4266596e-23
6.0533764e+00 1.3933078e-23
6.0673355e+00 1.3607957e-23
6.0813269e+00 1.3291013e-23
6.0953505e+00 1.2982032e-23
6.1094064e+00 1.2680805e-23
6.1234947e+00 1.2387130e-23
6.1376155e+00 1.2100809e-23
6.1517689e+00 1.1821652e-23
6.1659550e+00 1.1549473e-23
6.1801737e+00 1.1284091e-23
6.1944252e+00 1.1025329e-23
6.2087096e+00 1.0773019e-23
6.2230269e+00 1.0526992e-23
6.2373773e+00 1.0287088e-23
6.2517607e+00 1.0053149e-23
6.2661773e+00 9.8250236e-24
6.2806272e+00 9.6025620e-24
6.2951104e+00 9.3856201e-24
6.3096269e+00 9.1740573e-24
6.3241770e+00 8.9677369e-24
6.3387606e+00 8.7665258e-24
6.3533778e+00 8.5702946e-24
6.3680288e+00 8.3789173e-24
6.3827135e+00 8.1922716e-24
6.3974321e+00 8.0102380e-24
6.4121846e+00 7.8327007e-24
6.4269711e+00 7.6595467e-24
6.4417918e+00 7.4906662e-24
6.4566466e+00 7.3259521e-24
6.4715357e+00 7.1653003e-24
6.4864591e+00 7.0086096e-24
6.5014169e+00 6.8557813e-24
6.5164092e+00 6.7067192e-24
6.5314361e+00 6.5613300e-24
6.5464977e+00 6.4195226e-24
6.5615939e+00 6.2812082e-24
6.5767250e+00 6.1463006e-24
6.5918910e+00 6.0147158e-24
6.6070920e+00 5.8863717e-24
6.6223280e+00 5.7611886e-24
6.6375991e+00 5.6390889e-24
6.6529055e+00 5.5199969e-24
6.6682471e+00 5.4038388e-24
6.6836241e+00 5.2905428e-24
6.6990366e+00 5.1800390e-24
6.7144846e+00 5.0722591e-24
6.7299683e+00 4.9671367e-24
6.7454877e+00 4.8646071e-24
6.7610428e+00 4.7646071e-24
6.7766338e+00 4.6670751e-24
6.7922608e+00 4.5719513e-24
6.8079238e+00 4.4791772e-24
6.8236229e+00 4.3886958e-24
6.8393582e+00 4.3004515e-24
6.8551299e+00 4.2143902e-24
6.8709378e+00 4.1304590e-24
6.8867823e+00 4.0486063e-24
6.9026632e+00 3.9687820e-24
6.9185808e+00 3.8909370e-24
6.9345351e+00 3.8150235e-24
6.9505262e+00 3.7409949e-24
6.9665542e+00 3.6688056e-24
6.9826191e+00 3.5984112e-24
6.9987211e+00 3.5297684e-24
7.0148602e+00 3.4628348e-24
7.0310365e+00 3.3975693e-24
7.0472502e+00 3.3339314e-24
7.0635012e+00 3.2718819e-24
7.0797897e+00 3.2113823e-24
7.0961157e+00 3.1523951e-24
7.1124794e+00 3.0948837e-24
7.1288808e+00 3.0388124e-24
7.1453201e+00 2.9841462e-24
7.1617972e+00 2.9308509e-24
7.1783124e+00 2.8788932e-24
7.1948656e+00 2.8282406e-24
7.2114571e+00 2.7788612e-24
7.2280867e+00 2.7307239e-24
7.2447548e+00 2.6837983e-24
7.2614612e+00 2.6380548e-24
7.2782062e+00 2.5934642e-24
7.2949898e+00 2.5499982e-24
7.3118121e+00 2.5076291e-24
7.3286732e+00 2.4663296e-24
7.3455732e+00 2.4260734e-24
7.3625121e+00 2.3868344e-24
7.3794901e+00 2.3485873e-24
7.3965073e+00 2.3113073e-24
7.4135637e+00 2.2749701e-24
7.4306594e+00 2.2395520e-24
7.4477946e+00 2.2050298e-24
7.4649693e+00 2.1713807e-24
7.4821835e+00 2.1385827e-24
7.4994375e+00 2.1066139e-24
7.5167313e+00 2.0754532e-24
7.5340649e+00 2.0450797e-24
7.5514385e+00 2.0154731e-24
7.5688522e+00 1.9866136e-24
7.5863060e+00 1.9584816e-24
7.6038001e+00 1.9310582e-24
7.6213345e+00 1.9043248e-24
7.6389094e+00 1.8782631e-24
7.6565248e+00 1.8528554e-24
7.6741808e+00 1.8280842e-24
7.6918775e+00 1.8039325e-24
7.7096150e+00 1.7803837e-24
7.7273934e+00 1.7574216e-24
7.7452129e+00 1.7350301e-24
7.7630734e+00 1.7131937e-24
7.7809751e+00 1.6918973e-24
7.7989181e+00 1.6711260e-24
7.8169025e+00 1.6508652e-24
7.8349283e+00 1.6311007e-24
7.8529957e+00 1.6118188e-24
7.8711048e+00 1.5930058e-24
7.8892556e+00 1.5746485e-24
7.9074483e+00 1.5567341e-24
7.9256829e+00 1.5392498e-24
7.9439596e+00 1.5221835e-24
7.9622784e+00 1.5055230e-24
7.9806395e+00 1.4892566e-24
7.9990429e+00 1.4733730e-24
8.0174888e+00 1.4578609e-24
8.0359772e+00 1.4427095e-24
8.0545082e+00 1.4279081e-24
8.0730819e+00 1.4134464e-24
8.0916985e+00 1.3993143e-24
8.1103581e+00 1.3855019e-24
8.1290606e+00 1.3719997e-24
8.1478063e+00 1.3587984e-24
8.1665952e+00 1.3458889e-24
8.1854274e+00 1.3332622e-24
8.2043031e+00 1.3209099e-24
8.2232223e+00 1.3088234e-24
8.2421851e+00 1.2969947e-24
8.2611916e+00 1.2854157e-24
8.2802420e+00 1.2740788e-24
8.2993363e+00 1.2629765e-24
8.3184746e+00 1.2521014e-24
8.3376571e+00 1.2414465e-24
8.3568838e+00 1.2310048e-24
8.3761548e+00 1.2207696e-24
8.3954703e+00 1.2107344e-24
8.4148303e+00 1.2008929e-24
8.4342350e+00 1.1912390e-24
8.4536844e+00 1.1817666e-24
8.4731786e+00 1.1724699e-24
8.4927179e+00 1.1633434e-24
8.5123021e+00 1.1543816e-24
8.5319316e+00 1.1455791e-24
8.5516063e+00 1.1369309e-24
8.5713263e+00 1.1284320e-24
8.5910919e+00 1.1200775e-24
8.6109030e+00 1.1118627e-24
8.6307598e+00 1.1037832e-24
8.6506624e+00 1.0958345e-24
8.6706109e+00 1.0880123e-24
8.6906054e+00 1.0803125e-24
8.7106460e+00 1.0727312e-24
8.7307328e+00 1.0652645e-24
8.7508660e+00 1.0579085e-24
8.7710455e+00 1.0506597e-24
8.7912716e+00 1.0435146e-24
8.8115444e+00 1.0364697e-24
8.8318638e+00 1.0295219e-24
8.8522302e+00 1.0226678e-24
8.8726435e+00 1.0159045e-24
8.8931039e+00 1.0092289e-24
8.9136114e+00 1.0026382e-24
8.9341663e+00 9.9612956e-25
8.9547686e+00 9.8970037e-25
8.9754183e+00 9.8334801e-25
8.9961157e+00 9.7706997e-25
9.0168608e+00 9.7086384e-25
9.0376538e+00 9.6472727e-25
9.0584947e+00 9.5865803e-25
9.0793836e+00 9.5265394e-25
9.1003208e+00 9.4671289e-25
9.1213062e+00 9.4083287e-25
9.1423400e+00 9.3501193e-25
9.1634223e+00 9.2924820e-25
9.1845532e+00 9.2353985e-25
9.2057328e+00 9.1788516e-25
9.2269613e+00 9.1228244e-25
9.2482388e+00 9.0673007e-25
9.2695653e+00 9.0122651e-25
9.2909410e+00 8.9577026e-25
9.3123660e+00 8.9035988e-25
9.3338403e+00 8.8499400e-25
9.3553642e+00 8.7967128e-25
9.3769378e+00 8.7439047e-25
9.3985611e+00 8.6915032e-25
9.4202342e+00 8.6394969e-25
9.4419574e+00 8.5878744e-25
9.4637306e+00 8.5366250e-25
9.4855540e+00 8.4857385e-25
9.5074278e+00 8.4352050e-25
9.5293520e+00 8.3850152e-25
9.5513267e+00 8.3351600e-25
9.5733522e+00 8.2856310e-25
9.5954284e+00 8.2364199e-25
9.6175555e+00 8.1875190e-25
9.6397337e+00 8.1389210e-25
9.6619630e+00 8.0906188e-25
9.6842435e+00 8.0426057e-25
9.7065755e+00 7.9948756e-25
9.7289589e+00 7.9474223e-25
9.7513940e+00 7.9002403e-25
9.7738808e+00 7.8533242e-25
9.7964194e+00 7.8066690e-25
9.8190100e+00 7.7602701e-25
9.8416527e+00 7.7141230e-25
9.8643477e+00 7.6682235e-25
9.8870949e+00 7.6225679e-25
9.9098946e+00 7.5771524e-25
9.9327469e+00 7.5319739e-25
9.9556519e+00 7.4870292e-25
9.9786097e+00 7.4423154e-25
1.0001620e+01 7.3978299e-25
1.0024684e+01 7.3535726e-25
1.0047801e+01 7.3095425e-25
1.0070972e+01 7.2657373e-25
1.0094195e+01 7.2221550e-25
1.0117473e+01 7.1787937e-25
1.0140804e+01 7.1356517e-25
1.0164188e+01 7.0927277e-25
1.0187627e+01 7.0500203e-25
1.0211120e+01 7.0075286e-25
1.0234667e+01 6.9652515e-25
1.0258268e+01 6.9231884e-25
1.0281924e+01 6.8813388e-25
1.0305634e+01 6.8397022e-25
1.0329399e+01 6.7982783e-25
1.0353218e+01 6.7570672e-25
1.0377093e+01 6.7160688e-25
1.0401023e+01 6.6752832e-25
1.0425007e+01 6.6347107e-25
1.0449048e+01 6.5943517e-25
1.0473143e+01 6.5542067e-25
1.0497294e+01 6.5142762e-25
1.0521501e+01 6.4745610e-25
1.0545764e+01 6.4350618e-25
1.0570082e+01 6.3957795e-25
1.0594457e+01 6.3567149e-25
1.0618888e+01 6.3178690e-25
1.0643375e+01 6.2792429e-25
1.0667919e+01 6.2408377e-25
1.0692519e+01 6.2026545e-25
1.0717176e+01 6.1646945e-25
1.0741890e+01 6.1269590e-25
1.0766661e+01 6.0894492e-25
1.0791489e+01 6.0521664e-25
1.0816374e+01 6.0151119e-25
1.0841317e+01 5.9782870e-25
1.0866317e+01 5.9416931e-25
1.0891375e+01 5.9053315e-25
1.0916491e+01 5.8692035e-25
1.0941664e+01 5.8333106e-25
1.0966896e+01 5.7976541e-25
1.0992185e+01 5.7622352e-25
1.1017533e+01 5.7270554e-25
1.1042940e+01 5.6921158e-25
1.1068405e+01 5.6574179e-25
1.1093929e+01 5.6229627e-25
1.1119512e+01 5.5887517e-25
1.1145153e+01 5.5547859e-25
1.1170854e+01 5.5210665e-25
1.1196614e+01 5.4875946e-25
1.1222434e+01 5.4543714e-25
1.1248313e+01 5.4213978e-25
1.1274251e+01 5.3886748e-25
1.1300250e+01 5.3562033e-25
1.1326308e+01 5.3239843e-25
1.1352427e+01 5.2920186e-25
1.1378606e+01 5.2603070e-25
1.1404845e+01 5.2288501e-25
1.1431144e+01 5.1976487e-25
1.1457505e+01 5.1667034e-25
1.1483926e+01 5.1360146e-25
1.1510408e+01 5.1055830e-25
1.1536951e+01 5.0754088e-25
1.1563555e+01 5.0454926e-25
1.1590221e+01 5.0158345e-25
1.1616948e+01 4.9864347e-25
1.1643737e+01 4.9572936e-25
1.1670587e+01 4.9284111e-25
1.1697500e+01 4.8997873e-25
1.1724474e+01 4.8714222e-25
1.1751511e+01 4.8433156e-25
1.1778610e+01 4.8154674e-25
1.1805772e+01 4.7878775e-25
1.1832996e+01 4.7605454e-25
1.1860283e+01 4.7334708e-25
1.1887633e+01 4.7066533e-25
1.1915046e+01 4.6800925e-25
1.1942522e+01 4.6537877e-25
1.1970061e+01 4.6277384e-25
1.1997664e+01 4.6019440e-25
1.2025331e+01 4.5764036e-25
1.2053062e+01 4.5511165e-25
1.2080856e+01 4.5260819e-25
1.2108715e+01 4.5012989e-25
1.2136637e+01 4.4767664e-25
1.2164625e+01 4.4524836e-25
1.2192676e+01 4.4284494e-25
1.2220793e+01 4.4046625e-25
1.2248974e+01 4.3811220e-25
1.2277220e+01 4.3578266e-25
1.2305532e+01 4.3347750e-25
1.2333908e+01 4.3119659e-25
1.2362350e+01 4.2893980e-25
1.2390858e+01 4.2670700e-25
1.2419431e+01 4.2449804e-25
1.2448071e+01 4.2231277e-25
1.2476776e+01 4.2015104e-25
1.2505548e+01 4.1801270e-25
1.2534386e+01 4.1589760e-25
1.2563290e+01 4.1380558e-25
1.2592261e+01 4.1173646e-25
1.2621299e+01 4.0969010e-25
1.2650404e+01 4.0766630e-25
1.2679576e+01 4.0566492e-25
1.2708815e+01 4.0368577e-25
1.2738121e+01 4.0172867e-25
1.2767496e+01 3.9979345e-25
1.2796938e+01 3.9787993e-25
1.2826447e+01 3.9598793e-25
1.2856025e+01 3.9411726e-25
1.2885671e+01 3.9226773e-25
1.2915386e+01 3.9043916e-25
1.2945169e+01 3.8863137e-25
1.2975020e+01 3.8684416e-25
1.3004941e+01 3.8507734e-25
1.3034930e+01 3.8333072e-25
1.3064989e+01 3.8160412e-25
1.3095117e+01 3.7989732e-25
1.3125314e+01 3.7821015e-25
1.3155582e+01 3.7654241e-25
1.3185918e+01 3.7489391e-25
1.3216325e+01 3.7326444e-25
1.3246802e+01 3.7165382e-25
1.3277349e+01 3.7006186e-25
1.3307967e+01 3.6848835e-25
1.3338655e+01 3.6693310e-25
1.3369414e+01 3.6539593e-25
1.3400244e+01 3.6387663e-25
1.3431145e+01 3.6237501e-25
1.3462118e+01 3.6089088e-25
1.3493162e+01 3.5942405e-25
1.3524277e+01 3.5797432e-25
1.3555464e+01 3.5654151e-25
1.3586723e+01 3.5512542e-25
1.3618054e+01 3.5372587e-25
1.3649457e+01 3.5234267e-25
1.3680933e+01 3.5097563e-25
1.3712481e+01 3.4962456e-25
1.3744103e+01 3.4828928e-25
1.3775797e+01 3.4696961e-25
1.3807564e+01 3.4566536e-25
1.3839404e+01 3.4437635e-25
1.3871318e+01 3.4310240e-25
1.3903305e+01 3.4184332e-25
1.3935366e+01 3.4059896e-25
1.3967501e+01 3.3936912e-25
1.3999710e+01 3.3815363e-25
1.4031994e+01 3.3695232e-25
1.4064352e+01 3.3576501e-25
1.4096784e+01 3.3459155e-25
1.4129292e+01 3.3343174e-25
1.4161874e+01 3.3228544e-25
1.4194531e+01 3.3115247e-25
1.4227264e+01 3.3003267e-25
1.4260072e+01 3.2892587e-25
1.4292956e+01 3.2783192e-25
1.4325916e+01 3.2675065e-25
1.4358951e+01 3.2568191e-25
1.4392063e+01 3.2462553e-25
1.4425251e+01 3.2358138e-25
1.4458516e+01 3.2254928e-25
1.4491858e+01 3.2152909e-25
1.4525276e+01 3.2052067e-25
1.4558771e+01 3.1952385e-25
1.4592344e+01 3.1853850e-25
1.4625994e+01 3.1756447e-25
1.4659722e+01 3.1660162e-25
1.4693527e+01 3.1564980e-25
1.4727410e+01 3.1470888e-25
1.4761372e+01 3.1377871e-25
1.4795412e+01 3.1285916e-25
1.4829530e+01 3.1195010e-25
1.4863727e+01 3.1105138e-25
1.4898003e+01 3.1016289e-25
1.4932358e+01 3.0928448e-25
1.4966792e+01 3.0841604e-25
1.5001306e+01 3.0755742e-25
1.5035899e+01 3.0670851e-25
1.5070572e+01 3.0586918e-25
1.5105324e+01 3.0503932e-25
1.5140157e+01 3.0421879e-25
1.5175071e+01 3.0340748e-25
1.5210065e+01 3.0260527e-25
1.5245139e+01 3.0181205e-25
1.5280295e+01 3.0102769e-25
1.5315531e+01 3.0025210e-25
1.5350849e+01 2.9948514e-25
1.5386248e+01 2.9872672e-25
1.5421729e+01 2.9797673e-25
1.5457291e+01 2.9723505e-25
1.5492936e+01 2.9650158e-25
1.5528663e+01 2.9577621e-25
1.5564472e+01 2.9505885e-25
1.5600364e+01 2.9434939e-25
1.5636338e+01 2.9364773e-25
1.5672396e+01 2.9295376e-25
1.5708537e+01 2.9226740e-25
1.5744761e+01 2.9158854e-25
1.5781068e+01 2.9091709e-25
1.5817459e+01 2.9025295e-25
1.5853935e+01 2.8959604e-25
1.5890494e+01 2.8894625e-25
1.5927137e+01 2.8830350e-25
1.5963866e+01 2.8766770e-25
1.6000678e+01 2.8703877e-25
1.6037576e+01 2.8641660e-25
1.6074559e+01 2.8580113e-25
1.6111627e+01 2.8519226e-25
1.6148780e+01 2.8458991e-25
1.6186020e+01 2.8399399e-25
1.6223345e+01 2.8340444e-25
1.6260756e+01 2.8282116e-25
1.6298253e+01 2.8224407e-25
1.6335837e+01 2.8167311e-25
1.6373508e+01 2.8110819e-25
1.6411265e+01 2.8054923e-25
1.6449110e+01 2.7999617e-25
1.6487041e+01 2.7944892e-25
1.6525061e+01 2.7890742e-25
1.6563168e+01 2.7837159e-25
1.6601362e+01 2.7784136e-25
1.6639645e+01 2.7731666e-25
1.6678016e+01 2.7679743e-25
1.6716476e+01 2.7628359e-25
1.6755024e+01 2.7577507e-25
1.6793662e+01 2.7527182e-25
1.6832388e+01 2.7477377e-25
1.6871203e+01 2.7428084e-25
1.6910109e+01 2.7379298e-25
1.6949103e+01 2.7331013e-25
1.6988188e+01 2.7283222e-25
1.7027363e+01 2.7235920e-25
1.7066628e+01 2.7189099e-25
1.7105984e+01 2.7142755e-25
1.7145431e+01 2.7096881e-25
1.7184968e+01 2.7051471e-25
1.7224597e+01 2.7006520e-25
1.7264317e+01 2.6962023e-25
1.7304128e+01 2.6917973e-25
1.7344032e+01 2.6874366e-25
1.7384027e+01 2.6831195e-25
1.7424115e+01 2.6788456e-25
1.7464295e+01 2.6746142e-25
1.7504568e+01 2.6704250e-25
1.7544934e+01 2.6662774e-25
1.7585392e+01 2.6621709e-25
1.7625945e+01 2.6581049e-25
1.7666590e+01 2.6540790e-25
1.7707329e+01 2.6500927e-25
1.7748163e+01 2.6461456e-25
1.7789090e+01 2.6422371e-25
1.7830112e+01 2.6383668e-25
1.7871228e+01 2.6345342e-25
1.7912439e+01 2.6307389e-25
1.7953746e+01 2.6269804e-25
1.7995147e+01 2.6232583e-25
1.8036644e+01 2.6195722e-25
1.8078237e+01 2.6159216e-25
1.8119925e+01 2.6123060e-25
1.8161710e+01 2.6087252e-25
1.8203591e+01 2.6051785e-25
1.8245569e+01 2.6016658e-25
1.8287643e+01 2.5981865e-25
1.8329814e+01 2.5947402e-25
1.8372083e+01 2.5913266e-25
1.8414449e+01 2.5879453e-25
1.8456913e+01 2.5845959e-25
1.8499475e+01 2.5812779e-25
1.8542135e+01 2.5779912e-25
1.8584893e+01 2.5747352e-25
1.8627750e+01 2.5715096e-25
1.8670706e+01 2.5683140e-25
1.8713761e+01 2.5651482e-25
1.8756915e+01 2.5620117e-25
1.8800168e+01 2.5589043e-25
1.8843522e+01 2.5558255e-25
1.8886975e+01 2.5527750e-25
1.8930528e+01 2.5497526e-25
1.8974182e+01 2.5467578e-25
1.9017937e+01 2.5437904e-25
1.9061792e+01 2.5408500e-25
1.9105749e+01 2.5379364e-25
1.9149807e+01 2.5350492e-25
1.9193967e+01 2.5321881e-25
1.9238228e+01 2.5293528e-25
1.9282592e+01 2.5265430e-25
1.9327057e+01 2.5237585e-25
1.9371626e+01 2.5209989e-25
1.9416297e+01 2.5182639e-25
1.9461071e+01 2.5155533e-25
1.9505948e+01 2.5128668e-25
1.9550929e+01 2.5102041e-25
1.9596014e+01 2.5075649e-25
1.9641202e+01 2.5049490e-25
1.9686495e+01 2.5023561e-25
1.9731892e+01 2.4997860e-25
1.9777394e+01 2.4972383e-25
1.9823001e+01 2.4947129e-25
1.9868713e+01 2.4922094e-25
1.9914530e+01 2.4897277e-25
1.9960454e+01 2.4872675e-25
2.0006482e+01 2.4848285e-25
2.0052618e+01 2.4824106e-25
2.0098859e+01 2.4800134e-25
2.0145207e+01 2.4776367e-25
2.0191662e+01 2.4752804e-25
2.0238224e+01 2.4729441e-25
2.0284894e+01 2.4706278e-25
2.0331671e+01 2.4683310e-25
2.0378556e+01 2.4660537e-25
2.0425549e+01 2.4637956e-25
2.0472650e+01 2.4615564e-25
2.0519861e+01 2.4593361e-25
2.0567180e+01 2.4571344e-25
2.0614608e+01 2.4549510e-25
2.0662145e+01 2.4527858e-25
2.0709792e+01 2.4506385e-25
2.0757549e+01 2.4485091e-25
2.0805416e+01 2.4463972e-25
2.0853394e+01 2.4443027e-25
2.0901482e+01 2.4422254e-25
2.0949681e+01 2.4401651e-25
2.0997991e+01 2.4381217e-25
2.1046412e+01 2.4360949e-25
2.1094945e+01 2.4340845e-25
2.1143591e+01 2.4320905e-25
2.1192348e+01 2.4301125e-25
2.1241218e+01 2.4281505e-25
2.1290200e+01 2.4262043e-25
2.1339295e+01 2.4242737e-25
2.1388504e+01 2.4223585e-25
2.1437826e+01 2.4204586e-25
2.1487262e+01 2.4185737e-25
2.1536812e+01 2.4167039e-25
2.1586476e+01 2.4148488e-25
2.1636254e+01 2.4130083e-25
2.1686148e+01 2.4111823e-25
2.1736156e+01 2.4093706e-25
2.1786280e+01 2.4075731e-25
2.1836519e+01 2.4057897e-25
2.1886874e+01 2.4040201e-25
2.1937346e+01 2.4022642e-25
2.1987933e+01 2.4005219e-25
2.2038638e+01 2.3987931e-25
2.2089459e+01 2.3970775e-25
2.2140397e+01 2.3953751e-25
2.2191453e+01 2.3936858e-25
2.2242627e+01 2.3920093e-25
2.2293919e+01 2.3903456e-25
2.2345328e+01 2.3886946e-25
2.2396857e+01 2.3870560e-25
2.2448504e+01 2.3854298e-25
2.2500271e+01 2.3838158e-25
2.2552157e+01 2.3822140e-25
2.2604162e+01 2.3806242e-25
2.2656287e+01 2.3790462e-25
2.2708533e+01 2.3774800e-25
2.2760899e+01 2.3759254e-25
2.2813386e+01 2.3743823e-25
2.2865994e+01 2.3728507e-25
2.2918723e+01 2.3713303e-25
2.2971574e+01 2.3698210e-25
2.3024546e+01 2.3683229e-25
2.3077641e+01 2.3668357e-25
2.3130858e+01 2.3653593e-25
2.3184198e+01 2.3638937e-25
2.3237661e+01 2.3624386e-25
2.3291247e+01 2.3609941e-25
2.3344957e+01 2.3595600e-25
2.3398791e+01 2.3581363e-25
2.3452748e+01 2.3567227e-25
2.3506831e+01 2.3553192e-25
2.3561038e+01 2.3539258e-25
2.3615370e+01 2.3525422e-25
2.3669827e+01 2.3511685e-25
2.3724410e+01 2.3498045e-25
2.3779118e+01 2.3484501e-25
2.3833953e+01 2.3471052e-25
2.3888914e+01 2.3457698e-25
2.3944002e+01 2.3444437e-25
2.3999217e+01 2.3431269e-25
2.4054560e+01 2.3418192e-25
2.4110030e+01 2.3405207e-25
2.4165628e+01 2.3392311e-25
2.4221354e+01 2.3379504e-25
2.4277208e+01 2.3366785e-25
2.4333192e+01 2.3354154e-25
2.4389304e+01 2.3341609e-25
2.4445546e+01 2.3329150e-25
2.4501918e+01 2.3316776e-25
2.4558420e+01 2.3304487e-25
2.4615051e+01 2.3292280e-25
2.4671814e+01 2.3280156e-25
2.4728707e+01 2.3268114e-25
2.4785732e+01 2.3256152e-25
2.4842888e+01 2.3244271e-25
2.4900176e+01 2.3232470e-25
2.4957596e+01 2.3220747e-25
2.5015148e+01 2.3209102e-25
2.5072833e+01 2.3197535e-25
2.5130652e+01 2.3186044e-25
2.5188603e+01 2.3174629e-25
2.5246688e+01 2.3163289e-25
2.5304907e+01 2.3152024e-25
2.5363261e+01 2.3140832e-25
2.5421748e+01 2.3129714e-25
2.5480371e+01 2.3118668e-25
2.5539129e+01 2.3107694e-25
2.5598023e+01 2.3096792e-25
2.5657052e+01 2.3085959e-25
2.5716217e+01 2.3075197e-25
2.5775519e+01 2.3064504e-25
2.5834957e+01 2.3053880e-25
2.5894533e+01 2.3043324e-25
2.5954246e+01 2.3032835e-25
2.6014097e+01 2.3022413e-25
2.6074085e+01 2.3012057e-25
2.6134212e+01 2.3001767e-25
2.6194478e+01 2.2991543e-25
2.6254883e+01 2.2981382e-25
2.6315427e+01 2.2971286e-25
2.6376110e+01 2.2961253e-25
2.6436934e+01 2.2951283e-25
2.6497898e+01 2.2941375e-25
2.6559002e+01 2.2931529e-25
2.6620247e+01 2.2921744e-25
2.6681634e+01 2.2912020e-25
2.6743162e+01 2.2902356e-25
2.6804832e+01 2.2892751e-25
2.6866644e+01 2.2883206e-25
2.6928599e+01 2.2873719e-25
2.6990696e+01 2.2864291e-25
2.7052937e+01 2.2854920e-25
2.7115321e+01 2.2845606e-25
2.7177849e+01 2.2836350e-25
2.7240522e+01 2.2827149e-25
2.7303338e+01 2.2818004e-25
2.7366300e+01 2.2808914e-25
2.7429407e+01 2.2799879e-25
2.7492659e+01 2.2790898e-25
2.7556058e+01 2.2781971e-25
2.7619602e+01 2.2773098e-25
2.7683293e+01 2.2764277e-25
2.7747131e+01 2.2755509e-25
2.7811116e+01 2.2746794e-25
2.7875249e+01 2.2738129e-25
2.7939529e+01 2.2729517e-25
2.8003958e+01 2.2720955e-25
2.8068536e+01 2.2712443e-25
2.8133262e+01 2.2703981e-25
2.8198137e+01 2.2695569e-25
2.8263162e+01 2.2687207e-25
2.8328338e+01 2.2678893e-25
2.8393663e+01 2.2670627e-25
2.8459139e+01 2.2662409e-25
2.8524766e+01 2.2654239e-25
2.8590544e+01 2.2646117e-25
2.8656474e+01 2.2638041e-25
2.8722556e+01 2.2630012e-25
2.8788791e+01 2.2622028e-25
2.8855178e+01 2.2614091e-25
2.8921718e+01 2.2606199e-25
2.8988412e+01 2.2598352e-25
2.9055259e+01 2.2590550e-25
2.9122261e+01 2.2582792e-25
2.9189417e+01 2.2575078e-25
2.9256728e+01 2.2567407e-25
2.9324194e+01 2.2559780e-25
2.9391816e+01 2.2552196e-25
2.9459594e+01 2.2544655e-25
2.9527528e+01 2.2537156e-25
2.9595619e+01 2.2529699e-25
2.9663866e+01 2.2522283e-25
2.9732272e+01 2.2514909e-25
2.9800834e+01 2.2507576e-25
2.9869555e+01 2.2500284e-25
2.9938435e+01 2.2493032e-25
3.0007473e+01 2.2485820e-25
3.0076670e+01 2.2478648e-25
3.0146028e+01 2.2471515e-25
3.0215544e+01 2.2464422e-25
3.0285222e+01 2.2457368e-25
3.0355060e+01 2.2450352e-25
3.0425059e+01 2.2443374e-25
3.0495219e+01 2.2436435e-25
3.0565541e+01 2.2429533e-25
3.0636026e+01 2.2422668e-25
3.0706673e+01 2.2415841e-25
3.0777482e+01 2.2409051e-25
3.0848456e+01 2.2402298e-25
3.0919592e+01 2.2395580e-25
3.0990893e+01 2.2388899e-25
3.1062358e+01 2.2382254e-25
3.1133988e+01 2.2375644e-25
3.1205784e+01 2.2369070e-25
3.1277744e+01 2.2362531e-25
3.1349871e+01 2.2356026e-25
3.1422164e+01 2.2349557e-25
3.1494624e+01 2.2343121e-25
3.1567251e+01 2.2336720e-25
3.1640045e+01 2.2330352e-25
3.1713007e+01 2.2324018e-25
3.1786138e+01 2.2317717e-25
3.1859437e+01 2.2311449e-25
3.1932905e+01 2.2305215e-25
3.2006542e+01 2.2299012e-25
3.2080350e+01 2.2292843e-25
3.2154327e+01 2.2286705e-25
3.2228475e+01 2.2280600e-25
3.2302794e+01 2.2274526e-25
3.2377285e+01 2.2268483e-25
3.2451947e+01 2.2262472e-25
3.2526782e+01 2.2256492e-25
3.2601789e+01 2.2250543e-25
3.2676969e+01 2.2244625e-25
3.2752322e+01 2.2238737e-25
3.2827849e+01 2.2232879e-25
3.2903550e+01 2.2227051e-25
3.2979426e+01 2.2221253e-25
3.3055477e+01 2.2215484e-25
3.3131703e+01 2.2209745e-25
3.3208105e+01 2.2204036e-25
3.3284683e+01 2.2198355e-25
3.3361438e+01 2.2192703e-25
3.3438370e+01 2.2187079e-25
3.3515479e+01 2.2181484e-25
3.3592766e+01 2.2175917e-25
3.3670231e+01 2.2170379e-25
3.3747875e+01 2.2164868e-25
3.3825698e+01 2.2159385e-25
3.3903700e+01 2.2153929e-25
3.3981882e+01 2.2148500e-25
3.4060245e+01 2.2143099e-25
3.4138788e+01 2.2137725e-25
3.4217512e+01 2.2132377e-25
3.4296418e+01 2.2127056e-25
3.4375506e+01 2.2121761e-25
3.4454776e+01 2.2116493e-25
3.4534229e+01 2.2111250e-25
3.4613865e+01 2.2106034e-25
3.4693685e+01 2.2100843e-25
3.4773689e+01 2.2095678e-25
3.4853877e+01 2.2090538e-25
3.4934251e+01 2.2085424e-25
3.5014809e+01 2.2080334e-25
3.5095554e+01 2.2075269e-25
3.5176484e+01 2.2070230e-25
3.5257602e+01 2.2065214e-25
3.5338906e+01 2.2060223e-25
3.5420398e+01 2.2055257e-25
3.5502077e+01 2.2050314e-25
3.5583945e+01 2.2045396e-25
3.5666002e+01 2.2040501e-25
3.5748248e+01 2.2035630e-25
3.5830684e+01 2.2030783e-25
3.5913310e+01 2.2025958e-25
3.5996126e+01 2.2021157e-25
3.6079134e+01 2.2016380e-25
3.6162332e+01 2.2011625e-25
3.6245723e+01 2.2006893e-25
3.6329306e+01 2.2002183e-25
3.6413082e+01 2.1997496e-25
3.6497050e+01 2.1992831e-25
3.6581213e+01 2.1988189e-25
3.6665569e+01 2.1983569e-25
3.6750120e+01 2.1978970e-25
3.6834867e+01 2.1974394e-25
3.6919808e+01 2.1969839e-25
3.7004945e+01 2.1965306e-25
3.7090279e+01 2.1960794e-25
3.7175810e+01 2.1956303e-25
3.7261537e+01 2.1951834e-25
3.7347463e+01 2.1947386e-25
3.7433586e+01 2.1942958e-25
3.7519908e+01 2.1938551e-25
3.7606429e+01 2.1934165e-25
3.7693150e+01 2.1929800e-25
3.7780071e+01 2.1925455e-25
3.7867192e+01 2.1921130e-25
3.7954514e+01 2.1916825e-25
3.8042037e+01 2.1912541e-25
3.8129763e+01 2.1908276e-25
3.8217690e+01 2.1904031e-25
3.8305821e+01 2.1899806e-25
3.8394154e+01 2.1895600e-25
3.8482691e+01 2.1891414e-25
3.8571433e+01 2.1887248e-25
3.8660379e+01 2.1883100e-25
3.8749530e+01 2.1878972e-25
3.8838886e+01 2.1874862e-25
3.8928449e+01 2.1870772e-25
3.9018219e+01 2.1866700e-25
3.9108195e+01 2.1862647e-25
3.9198379e+01 2.1858612e-25
3.9288770e+01 2.1854596e-25
3.9379371e+01 2.1850599e-25
3.9470180e+01 2.1846619e-25
3.9561198e+01 2.1842658e-25
3.9652427e+01 2.1838715e-25
3.9743865e+01 2.1834790e-25
3.9835515e+01 2.1830882e-25
3.9927376e+01 2.1826993e-25
4.0019449e+01 2.1823121e-25
4.0111734e+01 2.1819266e-25
4.0204232e+01 2.1815429e-25
4.0296943e+01 2.1811609e-25
4.0389868e+01 2.1807807e-25
4.0483008e+01 2.1804021e-25
4.0576362e+01 2.1800253e-25
4.0669931e+01 2.1796502e-25
4.0763716e+01 2.1792767e-25
4.0857718e+01 2.1789049e-25
4.0951936e+01 2.1785348e-25
4.1046372e+01 2.1781664e-25
4.1141025e+01 2.1777996e-25
4.1235896e+01 2.1774344e-25
4.1330987e+01 2.1770709e-25
4.1426296e+01 2.1767090e-25
4.1521826e+01 2.1763487e-25
4.1617575e+01 2.1759900e-25
4.1713546e+01 2.1756329e-25
4.1809737e+01 2.1752774e-25
4.1906151e+01 2.1749234e-25
4.2002787e+01 2.1745711e-25
4.2099646e+01 2.1742202e-25
4.2196728e+01 2.1738710e-25
4.2294034e+01 2.1735233e-25
4.2391564e+01 2.1731771e-25
4.2489319e+01 2.1728324e-25
4.2587300e+01 2.1724893e-25
4.2685507e+01 2.1721477e-25
4.2783940e+01 2.1718076e-25
4.2882600e+01 2.1714689e-25
4.2981488e+01 2.1711318e-25
4.3080603e+01 2.1707961e-25
4.3179947e+01 2.1704619e-25
4.3279521e+01 2.1701292e-25
4.3379324e+01 2.1697979e-25
4.3479357e+01 2.1694681e-25
4.3579620e+01 2.1691397e-25
4.3680115e+01 2.1688127e-25
4.3780842e+01 2.1684872e-25
4.3881801e+01 2.1681631e-25
4.3982993e+01 2.1678404e-25
4.4084418e+01 2.1675191e-25
4.4186077e+01 2.1671992e-25
4.4287970e+01 2.1668806e-25
4.4390099e+01 2.1665635e-25
4.4492463e+01 2.1662477e-25
4.4595062e+01 2.1659333e-25
4.4697899e+01 2.1656203e-25
4.4800973e+01 2.1653086e-25
4.4904284e+01 2.1649982e-25
4.5007834e+01 2.1646892e-25
4.5111622e+01 2.1643815e-25
4.5215650e+01 2.1640751e-25
4.5319918e+01 2.1637701e-25
4.5424426e+01 2.1634664e-25
4.5529175e+01 2.1631639e-25
4.5634165e+01 2.1628628e-25
4.5739398e+01 2.1625630e-25
4.5844873e+01 2.1622644e-25
4.5950592e+01 2.1619671e-25
4.6056554e+01 2.1616711e-25
4.6162761e+01 2.1613764e-25
4.6269213e+01 2.1610829e-25
4.6375910e+01 2.1607906e-25
4.6482853e+01 2.1604997e-25
4.6590043e+01 2.1602099e-25
4.6697480e+01 2.1599214e-25
4.6805165e+01 2.1596341e-25
4.6913098e+01 2.1593480e-25
4.7021280e+01 2.1590632e-25
4.7129711e+01 2.1587795e-25
4.7238393e+01 2.1584971e-25
4.7347325e+01 2.1582158e-25
4.7456508e+01 2.1579358e-25
4.7565943e+01 2.1576569e-25
4.7675631e+01 2.1573792e-25
4.7785571e+01 2.1571027e-25
4.7895765e+01 2.1568273e-25
4.8006213e+01 2.1565531e-25
4.8116916e+01 2.1562801e-25
4.8227874e+01 2.1560082e-25
4.8339087e+01 2.1557375e-25
4.8450558e+01 2.1554679e-25
4.8562285e+01 2.1551994e-25
4.8674270e+01 2.1549321e-25
4.8786513e+01 2.1546659e-25
4.8899015e+01 2.1544008e-25
4.9011777e+01 2.1541368e-25
4.9124798e+01 2.1538739e-25
4.9238081e+01 2.1536121e-25
4.9351624e+01 2.1533514e-25
4.9465429e+01 2.1530918e-25
4.9579497e+01 2.1528333e-25
4.9693828e+01 2.1525759e-25
4.9808422e+01 2.1523195e-25
4.9923280e+01 2.1520642e-25
5.0038404e+01 2.1518100e-25
5.0153793e+01 2.1515569e-25
5.0269448e+01 2.1513048e-25
5.0385370e+01 2.1510537e-25
5.0501559e+01 2.1508037e-25
5.0618016e+01 2.1505547e-25
5.0734741e+01 2.1503068e-25
5.0851736e+01 2.1500599e-25
5.0969000e+01 2.1498140e-25
5.1086535e+01 2.1495691e-25
5.1204341e+01 2.1493253e-25
5.1322419e+01 2.1490824e-25
5.1440769e+01 2.1488406e-25
5.1559392e+01 2.1485998e-25
5.1678288e+01 2.1483600e-25
5.1797458e+01 2.1481211e-25
5.1916904e+01 2.1478833e-25
5.2036625e+01 2.1476464e-25
5.2156621e+01 2.1474105e-25
5.2276895e+01 2.1471756e-25
5.2397446e+01 2.1469417e-25
5.2518275e+01 2.1467087e-25
5.2639382e+01 2.1464767e-25
5.2760769e+01 2.1462456e-25
5.2882436e+01 2.1460155e-25
5.3004383e+01 2.1457863e-25
5.3126612e+01 2.1455581e-25
5.3249122e+01 2.1453308e-25
5.3371915e+01 2.1451045e-25
5.3494991e+01 2.1448790e-25
5.3618351e+01 2.1446545e-25
5.3741995e+01 2.1444310e-25
5.3865925e+01 2.1442083e-25
5.3990140e+01 2.1439866e-25
5.4114642e+01 2.1437658e-25
5.4239430e+01 2.1435458e-25
5.4364507e+01 2.1433268e-25
5.4489872e+01 2.1431087e-25
5.4615526e+01 2.1428914e-25
5.4741470e+01 2.1426751e-25
5.4867704e+01 2.1424596e-25
5.4994229e+01 2.1422451e-25
5.5121046e+01 2.1420314e-25
5.5248156e+01 2.1418186e-25
5.5375559e+01 2.1416066e-25
5.5503255e+01 2.1413955e-25
5.5631246e+01 2.1411853e-25
5.5759532e+01 2.1409759e-25
5.5888114e+01 2.1407674e-25
5.6016992e+01 2.1405597e-25
5.6146168e+01 2.1403529e-25
5.6275642e+01 2.1401469e-25
5.6405414e+01 2.1399418e-25
5.6535485e+01 2.1397375e-25
5.6665856e+01 2.1395341e-25
5.6796528e+01 2.1393314e-25
5.6927501e+01 2.1391296e-25
5.7058777e+01 2.1389286e-25
5.7190355e+01 2.1387285e-25
5.7322236e+01 2.1385291e-25
5.7454421e+01 2.1383306e-25
5.7586912e+01 2.1381328e-25
5.7719708e+01 2.1379359e-25
5.7852810e+01 2.1377398e-25
5.7986219e+01 2.1375444e-25
5.8119935e+01 2.1373499e-25
5.8253960e+01 2.1371561e-25
5.8388294e+01 2.1369632e-25
5.8522938e+01 2.1367710e-25
5.8657893e+01 2.1365796e-25
5.8793158e+01 2.1363890e-25
5.8928736e+01 2.1361991e-25
5.9064626e+01 2.1360100e-25
5.9200829e+01 2.1358217e-25
5.9337347e+01 2.1356342e-25
5.9474179e+01 2.1354474e-25
5.9611327e+01 2.1352614e-25
5.9748791e+01 2.1350761e-25
5.9886572e+01 2.1348916e-25
6.0024671e+01 2.1347078e-25
6.0163089e+01 2.1345248e-25
6.0301825e+01 2.1343425e-25
6.0440882e+01 2.1341610e-25
6.0580259e+01 2.1339802e-25
6.0719957e+01 2.1338001e-25
6.0859978e+01 2.1336207e-25
6.1000322e+01 2.1334421e-25
6.1140989e+01 2.1332642e-25
6.1281980e+01 2.1330870e-25
6.1423297e+01 2.1329106e-25
6.1564940e+01 2.1327348e-25
6.1706909e+01 2.1325598e-25
6.1849206e+01 2.1323855e-25
6.1991830e+01 2.1322119e-25
6.2134784e+01 2.1320390e-25
6.2278067e+01 2.1318668e-25
6.2421681e+01 2.1316952e-25
6.2565626e+01 2.1315244e-25
6.2709903e+01 2.1313543e-25
6.2854512e+01 2.1311849e-25
6.2999455e+01 2.1310161e-25
6.3144732e+01 2.1308481e-25
6.3290345e+01 2.1306807e-25
6.3436293e+01 2.1305140e-25
6.3582577e+01 2.1303479e-25
6.3729199e+01 2.1301826e-25
6.3876159e+01 2.1300179e-25
6.4023458e+01 2.1298539e-25
6.4171097e+01 2.1296905e-25
6.4319076e+01 2.1295279e-25
6.4467396e+01 2.1293658e-25
6.4616058e+01 2.1292045e-25
6.4765063e+01 2.1290437e-25
6.4914412e+01 2.1288837e-25
6.5064105e+01 2.1287243e-25
6.5214144e+01 2.1285655e-25
6.5364528e+01 2.1284074e-25
6.5515259e+01 2.1282499e-25
6.5666338e+01 2.1280931e-25
6.5817765e+01 2.1279368e-25
6.5969541e+01 2.1277813e-25
6.6121667e+01 2.1276263e-25
6.6274144e+01 2.1274720e-25
6.6426973e+01 2.1273184e-25
6.6580154e+01 2.1271653e-25
6.6733688e+01 2.1270129e-25
6.6887577e+01 2.1268611e-25
6.7041820e+01 2.1267099e-25
6.7196419e+01 2.1265593e-25
6.7351374e+01 2.1264093e-25
6.7506687e+01 2.1262600e-25
6.7662358e+01 2.1261112e-25
6.7818388e+01 2.1259631e-25
6.7974778e+01 2.1258156e-25
6.8131528e+01 2.1256686e-25
6.8288640e+01 2.1255223e-25
6.8446114e+01 2.1253766e-25
6.8603951e+01 2.1252314e-25
6.8762153e+01 2.1250869e-25
6.8920719e+01 2.1249429e-25
6.9079650e+01 2.1247996e-25
6.9238949e+01 2.1246568e-25
6.9398614e+01 2.1245146e-25
6.9558648e+01 2.1243730e-25
6.9719051e+01 2.1242319e-25
6.9879823e+01 2.1240915e-25
7.0040967e+01 2.1239516e-25
7.0202482e+01 2.1238123e-25
7.0364369e+01 2.1236736e-25
7.0526630e+01 2.1235354e-25
7.0689265e+01 2.1233978e-25
7.0852275e+01 2.1232608e-25
7.1015661e+01 2.1231243e-25
7.1179423e+01 2.1229884e-25
7.1343564e+01 2.1228531e-25
7.1508083e+01 2.1227183e-25
7.1672981e+01 2.1225840e-25
7.1838259e+01 2.1224503e-25
7.2003919e+01 2.1223172e-25
7.2169960e+01 2.1221846e-25
7.2336385e+01 2.1220526e-25
7.2503193e+01 2.1219211e-25
7.2670386e+01 2.1217902e-25
7.2837964e+01 2.1216598e-25
7.3005929e+01 2.1215299e-25
7.3174282e+01 2.1214006e-25
7.3343022e+01 2.1212718e-25
7.3512152e+01 2.1211435e-25
7.3681671e+01 2.1210158e-25
7.3851582e+01 2.1208886e-25
7.4021884e+01 2.1207620e-25
7.4192579e+01 2.1206358e-25
7.4363668e+01 2.1205102e-25
7.4535151e+01 2.1203851e-25
7.4707029e+01 2.1202606e-25
7.4879304e+01 2.1201365e-25
7.5051977e+01 2.1200130e-25
7.5225047e+01 2.1198900e-25
7.5398517e+01 2.1197675e-25
7.5572386e+01 2.1196455e-25
7.5746657e+01 2.1195241e-25
7.5921329e+01 2.1194031e-25
7.6096404e+01 2.1192827e-25
7.6271883e+01 2.1191627e-25
7.6447767e+01 2.1190433e-25
7.6624056e+01 2.1189243e-25
7.6800751e+01 2.1188059e-25
7.6977855e+01 2.1186880e-25
7.7155366e+01 2.1185705e-25
7.7333287e+01 2.1184536e-25
7.7511618e+01 2.1183371e-25
7.7690361e+01 2.1182212e-25
7.7869515e+01 2.1181057e-25
7.8049083e+01 2.1179907e-25
7.8229065e+01 2.1178762e-25
7.8409461e+01 2.1177622e-25
7.8590274e+01 2.1176487e-25
7.8771504e+01 2.1175357e-25
7.8953152e+01 2.1174231e-25
7.9135218e+01 2.1173111e-25
7.9317705e+01 2.1171995e-25
7.9500612e+01 2.1170884e-25
7.9683941e+01 2.1169777e-25
7.9867693e+01 2.1168676e-25
8.0051868e+01 2.1167579e-25
8.0236468e+01 2.1166487e-25
8.0421494e+01 2.1165399e-25
8.0606947e+01 2.1164317e-25
8.0792827e+01 2.1163239e-25
8.0979136e+01 2.1162165e-25
8.1165874e+01 2.1161096e-25
8.1353044e+01 2.1160032e-25
8.1540644e+01 2.1158973e-25
8.1728678e+01 2.1157918e-25
8.1917145e+01 2.1156867e-25
8.2106046e+01 2.1155822e-25
8.2295383e+01 2.1154781e-25
8.2485157e+01 2.1153744e-25
8.2675369e+01 2.1152712e-25
8.2866019e+01 2.1151684e-25
8.3057108e+01 2.1150661e-25
8.3248639e+01 2.1149643e-25
8.3440611e+01 2.1148628e-25
8.3633025e+01 2.1147619e-25
8.3825884e+01 2.1146614e-25
8.4019187e+01 2.1145613e-25
8.4212936e+01 2.1144617e-25
8.4407131e+01 2.1143625e-25
8.4601775e+01 2.1142637e-25
8.4796867e+01 2.1141654e-25
8.4992409e+01 2.1140676e-25
8.5188403e+01 2.1139701e-25
8.5384848e+01 2.1138731e-25
8.5581746e+01 2.1137766e-25
8.5779098e+01 2.1136804e-25
8.5976905e+01 2.1135847e-25
8.6175169e+01 2.1134895e-25
8.6373889e+01 2.1133946e-25
8.6573068e+01 2.1133002e-25
8.6772706e+01 2.1132062e-25
8.6972805e+01 2.1131127e-25
8.7173365e+01 2.1130196e-25
8.7374387e+01 2.1129269e-25
8.7575873e+01 2.1128346e-25
8.7777824e+01 2.1127427e-25
8.7980240e+01 2.1126513e-25
8.8183123e+01 2.1125603e-25
8.8386474e+01 2.1124697e-25
8.8590294e+01 2.1123795e-25
8.8794584e+01 2.1122897e-25
8.8999345e+01 2.1122003e-25
8.9204578e+01 2.1121114e-25
8.9410285e+01 2.1120229e-25
8.9616465e+01 2.1119348e-25
8.9823122e+01 2.1118471e-25
9.0030254e+01 2.1117598e-25
9.0237865e+01 2.1116729e-25
9.0445954e+01 2.1115864e-25
9.0654523e+01 2.1115003e-25
9.0863573e+01 2.1114147e-25
9.1073105e+01 2.1113294e-25
9.1283120e+01 2.1112446e-25
9.1493620e+01 2.1111601e-25
9.1704605e+01 2.1110761e-25
9.1916077e+01 2.1109924e-25
9.2128036e+01 2.1109092e-25
9.2340484e+01 2.1108263e-25
9.2553422e+01 2.1107439e-25
9.2766850e+01 2.1106618e-25
9.2980771e+01 2.1105801e-25
9.3195186e+01 2.1104989e-25
9.3410095e+01 2.1104180e-25
9.3625499e+01 2.1103375e-25
9.3841400e+01 2.1102575e-25
9.4057799e+01 2.1101778e-25
9.4274697e+01 2.1100985e-25
9.4492095e+01 2.1100196e-25
9.4709995e+01 2.1099410e-25
9.4928397e+01 2.1098629e-25
9.5147302e+01 2.1097852e-25
9.5366713e+01 2.1097078e-25
9.5586629e+01 2.1096308e-25
9.5807053e+01 2.1095542e-25
9.6027984e+01 2.1094780e-25
9.6249426e+01 2.1094022e-25
9.6471378e+01 2.1093268e-25
9.6693841e+01 2.1092517e-25
9.6916818e+01 2.1091771e-25
9.7140309e+01 2.1091028e-25
9.7364315e+01 2.1090288e-25
9.7588838e+01 2.1089553e-25
9.7813879e+01 2.1088822e-25
9.8039438e+01 2.1088094e-25
9.8265518e+01 2.1087370e-25
9.8492119e+01 2.1086649e-25
9.8719243e+01 2.1085933e-25
9.8946890e+01 2.1085220e-25
9.9175062e+01 2.1084511e-25
9.9403761e+01 2.1083806e-25
9.9632987e+01 2.1083104e-25
9.9862741e+01 2.1082406e-25
1.0009303e+02 2.1081712e-25
1.0032384e+02 2.1081021e-25
1.0055519e+02 2.1080334e-25
1.0078707e+02 2.1079651e-25
1.0101948e+02 2.1078972e-25
1.0125244e+02 2.1078296e-25
1.0148593e+02 2.1077624e-25
1.0171995e+02 2.1076956e-25
1.0195452e+02 2.1076291e-25
1.0218963e+02 2.1075630e-25
1.0242528e+02 2.1074972e-25
1.0266147e+02 2.1074318e-25
1.0289821e+02 2.1073668e-25
1.0313549e+02 2.1073021e-25
1.0337332e+02 2.1072378e-25
1.0361170e+02 2.1071739e-25
1.0385063e+02 2.1071103e-25
1.0409011e+02 2.1070471e-25
1.0433015e+02 2.1069842e-25
1.0457073e+02 2.1069217e-25
1.0481187e+02 2.1068596e-25
1.0505357e+02 2.1067978e-25
1.0529582e+02 2.1067364e-25
1.0553864e+02 2.1066753e-25
1.0578201e+02 2.1066146e-25
1.0602594e+02 2.1065542e-25
1.0627044e+02 2.1064942e-25
1.0651550e+02 2.1064346e-25
1.0676113e+02 2.1063753e-25
1.0700732e+02 2.1063163e-25
1.0725408e+02 2.1062577e-25
1.0750141e+02 2.1061995e-25
1.0774931e+02 2.1061416e-25
1.0799778e+02 2.1060841e-25
1.0824682e+02 2.1060269e-25
1.0849644e+02 2.1059701e-25
1.0874663e+02 2.1059136e-25
1.0899740e+02 2.1058574e-25
1.0924875e+02 2.1058017e-25
1.0950068e+02 2.1057462e-25
1.0975319e+02 2.1056911e-25
1.1000628e+02 2.1056364e-25
1.1025996e+02 2.1055820e-25
1.1051422e+02 2.1055280e-25
1.1076906e+02 2.1054743e-25
1.1102450e+02 2.1054209e-25
1.1128052e+02 2.1053679e-25
1.1153714e+02 2.1053153e-25
1.1179434e+02 2.1052630e-25
1.1205214e+02 2.1052110e-25
1.1231053e+02 2.1051594e-25
1.1256952e+02 2.1051081e-25
1.1282911e+02 2.1050572e-25
1.1308929e+02 2.1050066e-25
1.1335008e+02 2.1049563e-25
1.1361146e+02 2.1049064e-25
1.1387345e+02 2.1048568e-25
1.1413605e+02 2.1048076e-25
1.1439924e+02 2.1047588e-25
1.1466305e+02 2.1047102e-25
1.1492746e+02 2.1046620e-25
1.1519249e+02 2.1046142e-25
1.1545812e+02 2.1045667e-25
1.1572437e+02 2.1045195e-25
1.1599123e+02 2.1044727e-25
1.1625871e+02 2.1044262e-25
1.1652680e+02 2.1043800e-25
1.1679551e+02 2.1043342e-25
1.1706484e+02 2.1042887e-25
1.1733480e+02 2.1042436e-25
1.1760537e+02 2.1041988e-25
1.1787657e+02 2.1041543e-25
1.1814839e+02 2.1041102e-25
1.1842085e+02 2.1040664e-25
1.1869392e+02 2.1040230e-25
1.1896763e+02 2.1039799e-25
1.1924197e+02 2.1039371e-25
1.1951695e+02 2.1038947e-25
1.1979255e+02 2.1038526e-25
1.2006880e+02 2.1038109e-25
1.2034568e+02 2.1037694e-25
1.2062319e+02 2.1037284e-25
1.2090135e+02 2.1036876e-25
1.2118015e+02 2.1036472e-25
1.2145959e+02 2.1036071e-25
1.2173968e+02 2.1035674e-25
1.2202041e+02 2.1035280e-25
1.2230179e+02 2.1034889e-25
1.2258382e+02 2.1034502e-25
1.2286650e+02 2.1034118e-25
1.2314983e+02 2.1033738e-25
1.2343382e+02 2.1033360e-25
1.2371846e+02 2.1032986e-25
1.2400375e+02 2.1032616e-25
1.2428971e+02 2.1032249e-25
1.2457632e+02 2.1031885e-25
1.2486359e+02 2.1031525e-25
1.2515153e+02 2.1031167e-25
1.2544013e+02 2.1030814e-25
1.2572940e+02 2.1030463e-25
1.2601933e+02 2.1030116e-25
1.2630993e+02 2.1029773e-25
1.2660120e+02 2.1029432e-25
1.2689314e+02 2.1029095e-25
1.2718576e+02 2.1028762e-25
1.2747905e+02 2.1028431e-25
1.2777302e+02 2.1028104e-25
1.2806767e+02 2.1027781e-25
1.2836299e+02 2.1027460e-25
1.2865900e+02 2.1027144e-25
1.2895569e+02 2.1026830e-25
1.2925306e+02 2.1026520e-25
1.2955112e+02 2.1026213e-25
1.2984986e+02 2.1025909e-25
1.3014930e+02 2.1025609e-25
1.3044942e+02 2.1025312e-25
1.3075024e+02 2.1025019e-25
1.3105175e+02 2.1024729e-25
1.3135396e+02 2.1024442e-25
1.3165686e+02 2.1024159e-25
1.3196046e+02 2.1023879e-25
1.3226476e+02 2.1023602e-25
1.3256977e+02 2.1023329e-25
1.3287547e+02 2.1023059e-25
1.3318189e+02 2.1022792e-25
1.3348901e+02 2.1022529e-25
1.3379683e+02 2.1022269e-25
1.3410537e+02 2.1022012e-25
1.3441462e+02 2.1021759e-25
1.3472458e+02 2.1021509e-25
1.3503525e+02 2.1021263e-25
1.3534665e+02 2.1021020e-25
1.3565876e+02 2.1020780e-25
1.3597159e+02 2.1020544e-25
1.3628514e+02 2.1020311e-25
1.3659941e+02 2.1020081e-25
1.3691441e+02 2.1019855e-25
1.3723014e+02 2.1019633e-25
1.3754659e+02 2.1019413e-25
1.3786377e+02 2.1019197e-25
1.3818169e+02 2.1018984e-25
1.3850034e+02 2.1018775e-25
1.3881972e+02 2.1018569e-25
1.3913984e+02 2.1018367e-25
1.3946070e+02 2.1018168e-25
1.3978229e+02 2.1017972e-25
1.4010463e+02 2.1017780e-25
1.4042772e+02 2.1017591e-25
1.4075154e+02 2.1017405e-25
1.4107612e+02 2.1017223e-25
1.4140144e+02 2.1017045e-25
1.4172751e+02 2.1016869e-25
1.4205434e+02 2.1016698e-25
1.4238192e+02 2.1016529e-25
1.4271025e+02 2.1016364e-25
1.4303934e+02 2.1016203e-25
1.4336919e+02 2.1016045e-25
1.4369980e+02 2.1015890e-25
1.4403117e+02 2.1015739e-25
1.4436331e+02 2.1015591e-25
1.4469621e+02 2.1015447e-25
1.4502988e+02 2.1015306e-25
1.4536432e+02 2.1015168e-25
1.4569954e+02 2.1015034e-25
1.4603552e+02 2.1014904e-25
1.4637228e+02 2.1014777e-25
1.4670981e+02 2.1014653e-25
1.4704813e+02 2.1014533e-25
1.4738722e+02 2.1014416e-25
1.4772710e+02 2.1014303e-25
1.4806776e+02 2.1014194e-25
1.4840920e+02 2.1014087e-25
1.4875144e+02 2.1013985e-25
1.4909446e+02 2.1013885e-25
1.4943827e+02 2.1013790e-25
1.4978288e+02 2.1013697e-25
1.5012828e+02 2.1013609e-25
1.5047447e+02 2.1013524e-25
1.5082147e+02 2.1013442e-25
1.5116927e+02 2.1013364e-25
1.5151786e+02 2.1013289e-25
1.5186726e+02 2.1013218e-25
1.5221747e+02 2.1013151e-25
1.5256849e+02 2.1013087e-25
1.5292031e+02 2.1013026e-25
1.5327295e+02 2.1012969e-25
1.5362639e+02 2.1012916e-25
1.5398066e+02 2.1012866e-25
1.5433574e+02 2.1012820e-25
1.5469164e+02 2.1012778e-25
1.5504836e+02 2.1012739e-25
1.5540590e+02 2.1012703e-25
1.5576427e+02 2.1012671e-25
1.5612346e+02 2.1012643e-25
1.5648348e+02 2.1012619e-25
1.5684434e+02 2.1012598e-25
1.5720602e+02 2.1012580e-25
1.5756854e+02 2.1012567e-25
1.5793189e+02 2.1012556e-25
1.5829608e+02 2.1012550e-25
1.5866112e+02 2.1012547e-25
1.5902699e+02 2.1012548e-25
1.5939371e+02 2.1012552e-25
1.5976127e+02 2.1012561e-25
1.6012968e+02 2.1012572e-25
1.6049894e+02 2.1012588e-25
1.6086905e+02 2.1012607e-25
1.6124002e+02 2.1012630e-25
1.6161184e+02 2.1012656e-25
1.6198452e+02 2.1012687e-25
1.6235805e+02 2.1012721e-25
1.6273245e+02 2.1012758e-25
1.6310772e+02 2.1012800e-25
1.6348384e+02 2.1012845e-25
1.6386084e+02 2.1012894e-25
1.6423870e+02 2.1012947e-25
1.6461744e+02 2.1013003e-25
1.6499705e+02 2.1013063e-25
1.6537753e+02 2.1013127e-25
1.6575889e+02 2.1013195e-25
1.6614114e+02 2.1013266e-25
1.6652426e+02 2.1013342e-25
1.6690826e+02 2.1013421e-25
1.6729316e+02 2.1013504e-25
1.6767894e+02 2.1013590e-25
1.6806560e+02 2.1013681e-25
1.6845316e+02 2.1013776e-25
1.6884162e+02 2.1013874e-25
1.6923097e+02 2.1013976e-25
1.6962122e+02 2.1014082e-25
1.7001236e+02 2.1014192e-25
1.7040441e+02 2.1014306e-25
1.7079737e+02 2.1014423e-25
1.7119123e+02 2.1014545e-25
1.7158600e+02 2.1014670e-25
1.7198168e+02 2.1014800e-25
1.7237827e+02 2.1014933e-25
1.7277577e+02 2.1015070e-25
1.7317419e+02 2.1015211e-25
1.7357354e+02 2.1015356e-25
1.7397380e+02 2.1015505e-25
1.7437498e+02 2.1015659e-25
1.7477709e+02 2.1015816e-25
1.7518013e+02 2.1015977e-25
1.7558410e+02 2.1016142e-25
1.7598899e+02 2.1016311e-25
1.7639483e+02 2.1016484e-25
1.7680159e+02 2.1016661e-25
1.7720930e+02 2.1016842e-25
1.7761795e+02 2.1017027e-25
1.7802753e+02 2.1017217e-25
1.7843807e+02 2.1017410e-25
1.7884955e+02 2.1017608e-25
1.7926198e+02 2.1017809e-25
1.7967535e+02 2.1018015e-25
1.8008969e+02 2.1018225e-25
1.8050498e+02 2.1018439e-25
1.8092122e+02 2.1018657e-25
1.8133843e+02 2.1018879e-25
1.8175659e+02 2.1019105e-25
1.8217573e+02 2.1019336e-25
1.8259583e+02 2.1019571e-25
1.8301689e+02 2.1019810e-25
1.8343893e+02 2.1020053e-25
1.8386194e+02 2.1020301e-25
1.8428593e+02 2.1020552e-25
1.8471089e+02 2.1020808e-25
1.8513684e+02 2.1021068e-25
1.8556377e+02 2.1021333e-25
1.8599168e+02 2.1021602e-25
1.8642058e+02 2.1021875e-25
1.8685046e+02 2.1022152e-25
1.8728134e+02 2.1022434e-25
1.8771321e+02 2.1022720e-25
1.8814608e+02 2.1023010e-25
1.8857995e+02 2.1023305e-25
1.8901482e+02 2.1023604e-25
1.8945068e+02 2.1023908e-25
1.8988756e+02 2.1024216e-25
1.9032544e+02 2.1024528e-25
1.9076433e+02 2.1024845e-25
1.9120424e+02 2.1025166e-25
1.9164516e+02 2.1025492e-25
1.9208709e+02 2.1025822e-25
1.9253005e+02 2.1026157e-25
1.9297402e+02 2.1026496e-25
1.9341902e+02 2.1026840e-25
1.9386505e+02 2.1027188e-25
1.9431210e+02 2.1027541e-25
1.9476019e+02 2.1027899e-25
1.9520930e+02 2.1028261e-25
1.9565946e+02 2.1028628e-25
1.9611065e+02 2.1028999e-25
1.9656288e+02 2.1029375e-25
1.9701616e+02 2.1029756e-25
1.9747048e+02 2.1030141e-25
1.9792585e+02 2.1030531e-25
1.9838227e+02 2.1030926e-25
1.9883974e+02 2.1031325e-25
1.9929826e+02 2.1031729e-25
1.9975785e+02 2.1032138e-25
2.0021849e+02 2.1032552e-25
2.0068020e+02 2.1032971e-25
2.0114297e+02 2.1033394e-25
2.0160680e+02 2.1033822e-25
2.0207171e+02 2.1034255e-25
2.0253769e+02 2.1034693e-25
2.0300474e+02 2.1035136e-25
2.0347287e+02 2.1035584e-25
2.0394208e+02 2.1036037e-25
2.0441237e+02 2.1036495e-25
2.0488375e+02 2.1036958e-25
2.0535621e+02 2.1037426e-25
2.0582977e+02 2.1037899e-25
2.0630441e+02 2.1038377e-25
2.0678015e+02 2.1038860e-25
2.0725699e+02 2.1039349e-25
2.0773492e+02 2.1039842e-25
2.0821396e+02 2.1040341e-25
2.0869411e+02 2.1040845e-25
2.0917536e+02 2.1041354e-25
2.0965772e+02 2.1041869e-25
2.1014119e+02 2.1042389e-25
2.1062578e+02 2.1042915e-25
2.1111148e+02 2.1043446e-25
2.1159831e+02 2.1043982e-25
2.1208625e+02 2.1044524e-25
2.1257533e+02 2.1045072e-25
2.1306553e+02 2.1045625e-25
2.1355686e+02 2.1046184e-25
2.1404932e+02 2.1046749e-25
2.1454292e+02 2.1047319e-25
2.1503766e+02 2.1047896e-25
2.1553354e+02 2.1048478e-25
2.1603056e+02 2.1049067e-25
2.1652873e+02 2.1049662e-25
2.1702804e+02 2.1050263e-25
2.1752851e+02 2.1050871e-25
2.1803013e+02 2.1051485e-25
2.1853291e+02 2.1052107e-25
2.1903685e+02 2.1052735e-25
2.1954195e+02 2.1053370e-25
2.2004822e+02 2.1054012e-25
2.2055565e+02 2.1054662e-25
2.2106425e+02 2.1055320e-25
2.2157403e+02 2.1055986e-25
2.2208498e+02 2.1056660e-25
2.2259711e+02 2.1057343e-25
2.2311042e+02 2.1058036e-25
2.2362491e+02 2.1058739e-25
2.2414060e+02 2.1059453e-25
2.2465747e+02 2.1060178e-25
2.2517553e+02 2.1060916e-25
2.2569478e+02 2.1061667e-25
2.2621524e+02 2.1062433e-25
2.2673689e+02 2.1063217e-25
2.2725975e+02 2.1064019e-25
2.2778381e+02 2.1064844e-25
2.2830908e+02 2.1065693e-25
2.2883556e+02 2.1066573e-25
2.2936326e+02 2.1067488e-25
2.2989217e+02 2.1068446e-25
2.3042231e+02 2.1069458e-25
2.3095366e+02 2.1070538e-25
2.3148624e+02 2.1071705e-25
2.3202005e+02 2.1072988e-25
2.3255509e+02 2.1074429e-25
2.3309137e+02 2.1076092e-25
2.3362888e+02 2.1078079e-25
2.3416763e+02 2.1080561e-25
2.3470762e+02 2.1083840e-25
2.3524886e+02 2.1088498e-25
2.3579134e+02 2.1095768e-25
2.3633508e+02 2.1108669e-25
2.3688007e+02 2.1136318e-25
2.3742632e+02 2.1218079e-25
2.3797382e+02 2.1731432e-25
2.3852259e+02 3.6688270e-25
2.3907263e+02 2.1433724e-25
2.3962393e+02 2.1181264e-25
2.4017651e+02 2.1127791e-25
2.4073036e+02 2.1108623e-25
2.4128548e+02 2.1099974e-25
2.4184189e+02 2.1095599e-25
2.4239958e+02 2.1093282e-25
2.4295855e+02 2.1092077e-25
2.4351882e+02 2.1091528e-25
2.4408037e+02 2.1091390e-25
2.4464322e+02 2.1091523e-25
2.4520737e+02 2.1091845e-25
2.4577282e+02 2.1092301e-25
2.4633958e+02 2.1092856e-25
2.4690764e+02 2.1093486e-25
2.4747701e+02 2.1094175e-25
2.4804769e+02 2.1094911e-25
2.4861969e+02 2.1095685e-25
2.4919301e+02 2.1096491e-25
2.4976765e+02 2.1097324e-25
2.5034362e+02 2.1098179e-25
2.5092091e+02 2.1099055e-25
2.5149954e+02 2.1099949e-25
2.5207950e+02 2.1100858e-25
2.5266080e+02 2.1101782e-25
2.5324343e+02 2.1102720e-25
2.5382742e+02 2.1103670e-25
2.5441274e+02 2.1104632e-25
2.5499942e+02 2.1105605e-25
2.5558745e+02 2.1106588e-25
2.5617684e+02 2.1107582e-25
2.5676758e+02 2.1108585e-25
2.5735969e+02 2.1109598e-25
2.5795317e+02 2.1110620e-25
2.5854801e+02 2.1111650e-25
2.5914422e+02 2.1112690e-25
2.5974181e+02 2.1113738e-25
2.6034078e+02 2.1114795e-25
2.6094112e+02 2.1115860e-25
2.6154286e+02 2.1116933e-25
2.6214598e+02 2.1118014e-25
2.6275049e+02 2.1119104e-25
2.6335639e+02 2.1120202e-25
2.6396369e+02 2.1121308e-25
2.6457240e+02 2.1122421e-25
2.6518250e+02 2.1123543e-25
2.6579401e+02 2.1124673e-25
2.6640694e+02 2.1125810e-25
2.6702127e+02 2.1126956e-25
2.6763703e+02 2.1128110e-25
2.6825420e+02 2.1129271e-25
2.6887280e+02 2.1130440e-25
2.6949282e+02 2.1131618e-25
2.7011427e+02 2.1132803e-25
2.7073716e+02 2.1133996e-25
2.7136148e+02 2.1135197e-25
2.7198724e+02 2.1136406e-25
2.7261444e+02 2.1137623e-25
2.7324310e+02 2.1138849e-25
2.7387320e+02 2.1140082e-25
2.7450475e+02 2.1141323e-25
2.7513776e+02 2.1142572e-25
2.7577223e+02 2.1143829e-25
2.7640816e+02 2.1145095e-25
2.7704556e+02 2.1146368e-25
2.7768443e+02 2.1147650e-25
2.7832477e+02 2.1148940e-25
2.7896659e+02 2.1150238e-25
2.7960989e+02 2.1151544e-25
2.8025467e+02 2.1152859e-25
2.8090094e+02 2.1154182e-25
2.8154870e+02 2.1155513e-25
2.8219796e+02 2.1156853e-25
2.8284871e+02 2.1158201e-25
2.8350096e+02 2.1159557e-25
2.8415471e+02 2.1160922e-25
2.8480998e+02 2.1162295e-25
2.8546675e+02 2.1163677e-25
2.8612504e+02 2.1165068e-25
2.8678485e+02 2.1166467e-25
2.8744617e+02 2.1167874e-25
2.8810903e+02 2.1169291e-25
2.8877341e+02 2.1170716e-25
2.8943932e+02 2.1172149e-25
2.9010677e+02 2.1173592e-25
2.9077576e+02 2.1175043e-25
2.9144629e+02 2.1176503e-25
2.9211837e+02 2.1177972e-25
2.9279200e+02 2.1179449e-25
2.9346718e+02 2.1180936e-25
2.9414391e+02 2.1182432e-25
2.9482221e+02 2.1183937e-25
2.9550207e+02 2.1185450e-25
2.9618350e+02 2.1186973e-25
2.9686651e+02 2.1188505e-25
2.9755108e+02 2.1190046e-25
2.9823724e+02 2.1191597e-25
2.9892498e+02 2.1193156e-25
2.9961430e+02 2.1194725e-25
3.0030521e+02 2.1196303e-25
3.0099772e+02 2.1197891e-25
3.0169182e+02 2.1199487e-25
3.0238752e+02 2.1201094e-25
3.0308483e+02 2.1202710e-25
3.0378375e+02 2.1204335e-25
3.0448428e+02 2.1205970e-25
3.0518642e+02 2.1207614e-25
3.0589018e+02 2.1209268e-25
3.0659557e+02 2.1210932e-25
3.0730258e+02 2.1212606e-25
3.0801122e+02 2.1214289e-25
3.0872150e+02 2.1215982e-25
3.0943341e+02 2.1217685e-25
3.1014697e+02 2.1219398e-25
3.1086217e+02 2.1221121e-25
3.1157902e+02 2.1222854e-25
3.1229752e+02 2.1224596e-25
3.1301768e+02 2.1226349e-25
3.1373950e+02 2.1228112e-25
3.1446299e+02 2.1229886e-25
3.1518814e+02 2.1231669e-25
3.1591497e+02 2.1233463e-25
3.1664347e+02 2.1235266e-25
3.1737365e+02 2.1237081e-25
3.1810552e+02 2.1238905e-25
3.1883907e+02 2.1240740e-25
3.1957432e+02 2.1242586e-25
3.2031126e+02 2.1244442e-25
3.2104990e+02 2.1246309e-25
3.2179024e+02 2.1248186e-25
3.2253229e+02 2.1250074e-25
3.2327606e+02 2.1251972e-25
3.2402153e+02 2.1253882e-25
3.2476873e+02 2.1255802e-25
3.2551765e+02 2.1257733e-25
3.2626829e+02 2.1259675e-25
3.2702067e+02 2.1261628e-25
3.2777478e+02 2.1263592e-25
3.2853063e+02 2.1265567e-25
3.2928823e+02 2.1267553e-25
3.3004757e+02 2.1269550e-25
3.3080866e+02 2.1271559e-25
3.3157151e+02 2.1273578e-25
3.3233612e+02 2.1275609e-25
3.3310249e+02 2.1277652e-25
3.3387062e+02 2.1279705e-25
3.3464053e+02 2.1281771e-25
3.3541221e+02 2.1283847e-25
3.3618568e+02 2.1285935e-25
3.3696092e+02 2.1288035e-25
3.3773796e+02 2.1290147e-25
3.3851679e+02 2.1292270e-25
3.3929741e+02 2.1294405e-25
3.4007983e+02 2.1296552e-25
3.4086406e+02 2.1298711e-25
3.4165009e+02 2.1300881e-25
3.4243794e+02 2.1303064e-25
3.4322760e+02 2.1305258e-25
3.4401909e+02 2.1307465e-25
3.4481240e+02 2.1309684e-25
3.4560754e+02 2.1311915e-25
3.4640451e+02 2.1314158e-25
3.4720333e+02 2.1316414e-25
3.4800398e+02 2.1318682e-25
3.4880648e+02 2.1320962e-25
3.4961083e+02 2.1323255e-25
3.5041703e+02 2.1325561e-25
3.5122510e+02 2.1327879e-25
3.5203503e+02 2.1330209e-25
3.5284682e+02 2.1332553e-25
3.5366049e+02 2.1334909e-25
3.5447603e+02 2.1337278e-25
3.5529346e+02 2.1339659e-25
3.5611277e+02 2.1342054e-25
3.5693397e+02 2.1344462e-25
3.5775706e+02 2.1346883e-25
3.5858205e+02 2.1349317e-25
3.5940894e+02 2.1351764e-25
3.6023774e+02 2.1354224e-25
3.6106845e+02 2.1356698e-25
3.6190108e+02 2.1359185e-25
3.6273563e+02 2.1361685e-25
3.6357210e+02 2.1364199e-25
3.6441050e+02 2.1366726e-25
3.6525083e+02 2.1369267e-25
3.6609310e+02 2.1371822e-25
3.6693731e+02 2.1374390e-25
3.6778347e+02 2.1376973e-25
3.6863159e+02 2.1379569e-25
3.6948165e+02 2.1382179e-25
3.7033368e+02 2.1384803e-25
3.7118767e+02 2.1387441e-25
3.7204364e+02 2.1390093e-25
3.7290157e+02 2.1392759e-25
3.7376148e+02 2.1395439e-25
3.7462338e+02 2.1398134e-25
3.7548727e+02 2.1400843e-25
3.7635314e+02 2.1403567e-25
3.7722102e+02 2.1406305e-25
3.7809089e+02 2.1409058e-25
3.7896277e+02 2.1411825e-25
3.7983666e+02 2.1414607e-25
3.8071257e+02 2.1417404e-25
3.8159049e+02 2.1420216e-25
3.8247044e+02 2.1423042e-25
3.8335242e+02 2.1425884e-25
3.8423644e+02 2.1428740e-25
3.8512249e+02 2.1431612e-25
3.8601059e+02 2.1434499e-25
3.8690073e+02 2.1437401e-25
3.8779292e+02 2.1440318e-25
3.8868718e+02 2.1443251e-25
3.8958349e+02 2.1446199e-25
3.9048188e+02 2.1449163e-25
3.9138233e+02 2.1452143e-25
3.9228486e+02 2.1455138e-25
3.9318947e+02 2.1458149e-25
3.9409617e+02 2.1461175e-25
3.9500496e+02 2.1464218e-25
3.9591584e+02 2.1467276e-25
3.9682883e+02 2.1470351e-25
3.9774392e+02 2.1473442e-25
3.9866112e+02 2.1476549e-25
3.9958044e+02 2.1479672e-25
4.0050187e+02 2.1482811e-25
4.0142543e+02 2.1485967e-25
4.0235112e+02 2.1489140e-25
4.0327895e+02 2.1492329e-25
4.0420891e+02 2.1495534e-25
4.0514102e+02 2.1498757e-25
4.0607528e+02 2.1501996e-25
4.0701169e+02 2.1505252e-25
4.0795026e+02 2.1508525e-25
4.0889100e+02 2.1511815e-25
4.0983390e+02 2.1515122e-25
4.1077898e+02 2.1518447e-25
4.1172624e+02 2.1521788e-25
4.1267569e+02 2.1525147e-25
4.1362732e+02 2.1528524e-25
4.1458115e+02 2.1531918e-25
4.1553718e+02 2.1535329e-25
4.1649541e+02 2.1538759e-25
4.1745585e+02 2.1542206e-25
4.1841851e+02 2.1545670e-25
4.1938338e+02 2.1549153e-25
4.2035048e+02 2.1552654e-25
4.2131982e+02 2.1556173e-25
4.2229138e+02 2.1559710e-25
4.2326519e+02 2.1563265e-25
4.2424124e+02 2.1566839e-25
4.2521955e+02 2.1570431e-25
4.2620010e+02 2.1574042e-25
4.2718293e+02 2.1577671e-25
4.2816801e+02 2.1581319e-25
4.2915537e+02 2.1584986e-25
4.3014501e+02 2.1588672e-25
4.3113692e+02 2.1592376e-25
4.3213113e+02 2.1596100e-25
4.3312763e+02 2.1599843e-25
4.3412642e+02 2.1603605e-25
4.3512752e+02 2.1607386e-25
4.3613093e+02 2.1611187e-25
4.3713665e+02 2.1615007e-25
4.3814469e+02 2.1618847e-25
4.3915506e+02 2.1622707e-25
4.4016775e+02 2.1626586e-25
4.4118278e+02 2.1630486e-25
4.4220015e+02 2.1634405e-25
4.4321987e+02 2.1638345e-25
4.4424194e+02 2.1642304e-25
4.4526636e+02 2.1646285e-25
4.4629315e+02 2.1650285e-25
4.4732231e+02 2.1654306e-25
4.4835383e+02 2.1658348e-25
4.4938774e+02 2.1662410e-25
4.5042403e+02 2.1666494e-25
4.5146271e+02 2.1670598e-25
4.5250379e+02 2.1674724e-25
4.5354727e+02 2.1678871e-25
4.5459315e+02 2.1683039e-25
4.5564145e+02 2.1687229e-25
4.5669216e+02 2.1691441e-25
4.5774529e+02 2.1695675e-25
4.5880086e+02 2.1699932e-25
4.5985886e+02 2.1704211e-25
4.6091930e+02 2.1708514e-25
4.6198218e+02 2.1712841e-25
4.6304751e+02 2.1717191e-25
4.6411530e+02 2.1721568e-25
4.6518556e+02 2.1725972e-25
4.6625828e+02 2.1730404e-25
4.6733347e+02 2.1734870e-25
4.6841115e+02 2.1739374e-25
4.6949131e+02 2.1743927e-25
4.7057396e+02 2.1748549e-25
4.7165911e+02 2.1753281e-25
4.7274676e+02 2.1758229e-25
4.7383691e+02 2.1763713e-25
4.7492958e+02 2.1771178e-25
4.7602478e+02 2.1796280e-25
4.7712249e+02 2.2082792e-25
4.7822274e+02 2.1790274e-25
4.7932553e+02 2.1787868e-25
4.8043085e+02 2.1790966e-25
4.8153873e+02 2.1795086e-25
4.8264916e+02 2.1799544e-25
4.8376216e+02 2.1804155e-25
4.8487772e+02 2.1808853e-25
4.8599585e+02 2.1813609e-25
4.8711656e+02 2.1818409e-25
4.8823985e+02 2.1823246e-25
4.8936574e+02 2.1828115e-25
4.9049422e+02 2.1833015e-25
4.9162530e+02 2.1837944e-25
4.9275899e+02 2.1842900e-25
4.9389530e+02 2.1847883e-25
4.9503423e+02 2.1852893e-25
4.9617578e+02 2.1857929e-25
4.9731996e+02 2.1862992e-25
4.9846679e+02 2.1868080e-25
4.9961626e+02 2.1873195e-25
5.0076837e+02 2.1878336e-25
5.0192315e+02 2.1883503e-25
5.0308059e+02 2.1888696e-25
5.0424070e+02 2.1893915e-25
5.0540348e+02 2.1899161e-25
5.0656894e+02 2.1904433e-25
5.0773710e+02 2.1909731e-25
5.0890794e+02 2.1915056e-25
5.1008149e+02 2.1920408e-25
5.1125774e+02 2.1925786e-25
5.1243670e+02 2.1931192e-25
5.1361839e+02 2.1936624e-25
5.1480279e+02 2.1942084e-25
5.1598993e+02 2.1947571e-25
5.1717981e+02 2.1953085e-25
5.1837243e+02 2.1958626e-25
5.1956780e+02 2.1964195e-25
5.2076593e+02 2.1969792e-25
5.2196682e+02 2.1975417e-25
5.2317048e+02 2.1981069e-25
5.2437691e+02 2.1986750e-25
5.2558613e+02 2.1992459e-25
5.2679814e+02 2.1998196e-25
5.2801294e+02 2.2003962e-25
5.2923054e+02 2.2009756e-25
5.3045095e+02 2.2015579e-25
5.3167417e+02 2.2021431e-25
5.3290022e+02 2.2027312e-25
5.3412909e+02 2.2033221e-25
5.3536079e+02 2.2039161e-25
5.3659534e+02 2.2045129e-25
5.3783273e+02 2.2051127e-25
5.3907298e+02 2.2057155e-25
5.4031609e+02 2.2063212e-25
5.4156206e+02 2.2069300e-25
5.4281090e+02 2.2075417e-25
5.4406263e+02 2.2081564e-25
5.4531724e+02 2.2087742e-25
5.4657475e+02 2.2093951e-25
5.4783515e+02 2.2100190e-25
5.4909847e+02 2.2106459e-25
5.5036469e+02 2.2112760e-25
5.5163384e+02 2.2119091e-25
5.5290591e+02 2.2125454e-25
5.5418091e+02 2.2131848e-25
5.5545886e+02 2.2138274e-25
5.5673975e+02 2.2144731e-25
5.5802360e+02 2.2151220e-25
5.5931040e+02 2.2157740e-25
5.6060018e+02 2.2164293e-25
5.6189293e+02 2.2170878e-25
5.6318866e+02 2.2177495e-25
5.6448737e+02 2.2184145e-25
5.6578909e+02 2.2190827e-25
5.6709380e+02 2.2197542e-25
5.6840152e+02 2.2204290e-25
5.6971226e+02 2.2211070e-25
5.7102602e+02 2.2217885e-25
5.7234281e+02 2.2224732e-25
5.7366264e+02 2.2231613e-25
5.7498551e+02 2.2238528e-25
5.7631143e+02 2.2245476e-25
5.7764041e+02 2.2252458e-25
5.7897245e+02 2.2259475e-25
5.8030757e+02 2.2266526e-25
5.8164576e+02 2.2273611e-25
5.8298704e+02 2.2280731e-25
5.8433141e+02 2.2287885e-25
5.8567889e+02 2.2295074e-25
5.8702947e+02 2.2302299e-25
5.8838316e+02 2.2309558e-25
5.8973998e+02 2.2316853e-25
5.9109992e+02 2.2324184e-25
5.9246300e+02 2.2331550e-25
5.9382923e+02 2.2338952e-25
5.9519860e+02 2.2346390e-25
5.9657113e+02 2.2353864e-25
5.9794683e+02 2.2361375e-25
5.9932570e+02 2.2368922e-25
6.0070775e+02 2.2376505e-25
6.0209299e+02 2.2384126e-25
6.0348142e+02 2.2391783e-25
6.0487305e+02 2.2399478e-25
6.0626789e+02 2.2407209e-25
6.0766595e+02 2.2414979e-25
6.0906723e+02 2.2422786e-25
6.1047175e+02 2.2430631e-25
6.1187950e+02 2.2438513e-25
6.1329050e+02 2.2446434e-25
6.1470475e+02 2.2454393e-25
6.1612226e+02 2.2462391e-25
6.1754305e+02 2.2470428e-25
6.1896711e+02 2.2478503e-25
6.2039445e+02 2.2486617e-25
6.2182508e+02 2.2494770e-25
6.2325902e+02 2.2502963e-25
6.2469626e+02 2.2511195e-25
6.2613681e+02 2.2519467e-25
6.2758069e+02 2.2527779e-25
6.2902789e+02 2.2536131e-25
6.3047844e+02 2.2544523e-25
6.3193232e+02 2.2552956e-25
6.3338957e+02 2.2561429e-25
6.3485017e+02 2.2569943e-25
6.3631414e+02 2.2578498e-25
6.3778148e+02 2.2587094e-25
6.3925221e+02 2.2595731e-25
6.4072633e+02 2.2604410e-25
6.4220385e+02 2.2613130e-25
6.4368478e+02 2.2621892e-25
6.4516912e+02 2.2630697e-25
6.4665688e+02 2.2639543e-25
6.4814808e+02 2.2648432e-25
6.4964271e+02 2.2657364e-25
6.5114080e+02 2.2666338e-25
6.5264233e+02 2.2675355e-25
6.5414733e+02 2.2684416e-25
6.5565580e+02 2.2693519e-25
6.5716775e+02 2.2702666e-25
6.5868318e+02 2.2711857e-25
6.6020211e+02 2.2721092e-25
6.6172454e+02 2.2730371e-25
6.6325048e+02 2.2739694e-25
6.6477994e+02 2.2749062e-25
6.6631293e+02 2.2758475e-25
6.6784945e+02 2.2767932e-25
6.6938952e+02 2.2777434e-25
6.7093314e+02 2.2786982e-25
6.7248031e+02 2.2796575e-25
6.7403106e+02 2.2806214e-25
6.7558538e+02 2.2815898e-25
6.7714328e+02 2.2825629e-25
6.7870478e+02 2.2835406e-25
6.8026988e+02 2.2845229e-25
6.8183859e+02 2.2855099e-25
6.8341091e+02 2.2865016e-25
6.8498686e+02 2.2874980e-25
6.8656645e+02 2.2884991e-25
6.8814967e+02 2.2895050e-25
6.8973655e+02 2.2905157e-25
6.9132709e+02 2.2915311e-25
6.9292130e+02 2.2925514e-25
6.9451918e+02 2.2935766e-25
6.9612074e+02 2.2946066e-25
6.9772600e+02 2.2956416e-25
6.9933497e+02 2.2966815e-25
7.0094764e+02 2.2977265e-25
7.0256403e+02 2.2987766e-25
7.0418415e+02 2.2998320e-25
7.0580800e+02 2.3008930e-25
7.0743560e+02 2.3019601e-25
7.0906695e+02 2.3030346e-25
7.1070206e+02 2.3041207e-25
7.1234095e+02 2.3052362e-25
7.1398361e+02 2.3065662e-25
7.1563006e+02 2.3128920e-25
7.1728031e+02 2.3085827e-25
7.1893437e+02 2.3095834e-25
7.2059223e+02 2.3106665e-25
7.2225393e+02 2.3117685e-25
7.2391945e+02 2.3128799e-25
7.2558881e+02 2.3139983e-25
7.2726203e+02 2.3151227e-25
7.2893910e+02 2.3162529e-25
7.3062004e+02 2.3173886e-25
7.3230485e+02 2.3185298e-25
7.3399355e+02 2.3196765e-25
7.3568615e+02 2.3208286e-25
7.3738265e+02 2.3219861e-25
7.3908306e+02 2.3231490e-25
7.4078739e+02 2.3243173e-25
7.4249565e+02 2.3254912e-25
7.4420785e+02 2.3266705e-25
7.4592400e+02 2.3278553e-25
7.4764410e+02 2.3290456e-25
7.4936818e+02 2.3302414e-25
7.5109623e+02 2.3314428e-25
7.5282826e+02 2.3326498e-25
7.5456429e+02 2.3338624e-25
7.5630432e+02 2.3350806e-25
7.5804836e+02 2.3363044e-25
7.5979643e+02 2.3375339e-25
7.6154852e+02 2.3387691e-25
7.6330466e+02 2.3400100e-25
7.6506485e+02 2.3412566e-25
7.6682909e+02 2.3425090e-25
7.6859741e+02 2.3437671e-25
7.7036980e+02 2.3450310e-25
7.7214628e+02 2.3463008e-25
7.7392685e+02 2.3475764e-25
7.7571153e+02 2.3488579e-25
7.7750033e+02 2.3501452e-25
7.7929325e+02 2.3514385e-25
7.8109031e+02 2.3527377e-25
7.8289151e+02 2.3540428e-25
7.8469686e+02 2.3553540e-25
7.8650638e+02 2.3566711e-25
7.8832007e+02 2.3579942e-25
7.9013794e+02 2.3593235e-25
7.9196000e+02 2.3606587e-25
7.9378627e+02 2.3620001e-25
7.9561675e+02 2.3633476e-25
7.9745144e+02 2.3647013e-25
7.9929037e+02 2.3660611e-25
8.0113354e+02 2.3674271e-25
8.0298096e+02 2.3687993e-25
8.0483264e+02 2.3701777e-25
8.0668859e+02 2.3715624e-25
8.0854882e+02 2.3729534e-25
8.1041334e+02 2.3743507e-25
8.1228216e+02 2.3757543e-25
8.1415529e+02 2.3771643e-25
8.1603274e+02 2.3785806e-25
8.1791452e+02 2.3800034e-25
8.1980064e+02 2.3814326e-25
8.2169110e+02 2.3828682e-25
8.2358593e+02 2.3843103e-25
8.2548512e+02 2.3857589e-25
8.2738870e+02 2.3872140e-25
8.2929666e+02 2.3886757e-25
8.3120903e+02 2.3901439e-25
8.3312580e+02 2.3916187e-25
8.3504700e+02 2.3931002e-25
8.3697262e+02 2.3945882e-25
8.3890269e+02 2.3960830e-25
8.4083720e+02 2.3975844e-25
8.4277618e+02 2.3990925e-25
8.4471963e+02 2.4006074e-25
8.4666756e+02 2.4021290e-25
8.4861998e+02 2.4036575e-25
8.5057690e+02 2.4051927e-25
8.5253834e+02 2.4067347e-25
8.5450430e+02 2.4082836e-25
8.5647479e+02 2.4098394e-25
8.5844983e+02 2.4114021e-25
8.6042942e+02 2.4129717e-25
8.6241358e+02 2.4145483e-25
8.6440231e+02 2.4161319e-25
8.6639563e+02 2.4177224e-25
8.6839354e+02 2.4193200e-25
8.7039607e+02 2.4209246e-25
8.7240321e+02 2.4225363e-25
8.7441498e+02 2.4241551e-25
8.7643138e+02 2.4257810e-25
8.7845244e+02 2.4274140e-25
8.8047816e+02 2.4290542e-25
8.8250855e+02 2.4307016e-25
8.8454362e+02 2.4323563e-25
8.8658338e+02 2.4340181e-25
8.8862785e+02 2.4356873e-25
8.9067703e+02 2.4373637e-25
8.9273094e+02 2.4390474e-25
8.9478959e+02 2.4407385e-25
8.9685298e+02 2.4424369e-25
8.9892113e+02 2.4441427e-25
9.0099405e+02 2.4458559e-25
9.0307175e+02 2.4475766e-25
9.0515424e+02 2.4493047e-25
9.0724153e+02 2.4510402e-25
9.0933364e+02 2.4527833e-25
9.1143057e+02 2.4545339e-25
9.1353233e+02 2.4562921e-25
9.1563894e+02 2.4580578e-25
9.1775041e+02 2.4598312e-25
9.1986675e+02 2.4616122e-25
9.2198797e+02 2.4634008e-25
9.2411408e+02 2.4651970e-25
9.2624510e+02 2.4670010e-25
9.2838103e+02 2.4688127e-25
9.3052188e+02 2.4706322e-25
9.3266767e+02 2.4724594e-25
9.3481841e+02 2.4742945e-25
9.3697411e+02 2.4761374e-25
9.3913478e+02 2.4779883e-25
9.4130043e+02 2.4798471e-25
9.4347108e+02 2.4817141e-25
9.4564673e+02 2.4835896e-25
9.4782740e+02 2.4854747e-25
9.5001309e+02 2.4873745e-25
9.5220383e+02 2.4893497e-25
9.5439962e+02 2.4917012e-25
9.5660047e+02 2.4931038e-25
9.5880640e+02 2.4950071e-25
9.6101742e+02 2.4969327e-25
9.6323353e+02 2.4988692e-25
9.6545475e+02 2.5008147e-25
9.6768110e+02 2.5027687e-25
9.6991258e+02 2.5047310e-25
9.7214920e+02 2.5067015e-25
9.7439099e+02 2.5086803e-25
9.7663794e+02 2.5106674e-25
9.7889008e+02 2.5126627e-25
9.8114740e+02 2.5146663e-25
9.8340994e+02 2.5166782e-25
9.8567769e+02 2.5186984e-25
9.8795067e+02 2.5207269e-25
9.9022889e+02 2.5227637e-25
9.9251237e+02 2.5248090e-25
9.9480111e+02 2.5268626e-25
9.9709513e+02 2.5289246e-25
9.9939443e+02 2.5309950e-25
1.0016990e+03 2.5330739e-25
1.0040090e+03 2.5351613e-25
1.0063242e+03 2.5372571e-25
1.0086448e+03 2.5393615e-25
1.0109708e+03 2.5414743e-25
1.0133021e+03 2.5435958e-25
1.0156387e+03 2.5457258e-25
1.0179808e+03 2.5478643e-25
1.0203283e+03 2.5500115e-25
1.0226812e+03 2.5521673e-25
1.0250395e+03 2.5543318e-25
1.0274032e+03 2.5565049e-25
1.0297724e+03 2.5586867e-25
1.0321471e+03 2.5608772e-25
1.0345272e+03 2.5630764e-25
1.0369129e+03 2.5652844e-25
1.0393040e+03 2.5675011e-25
1.0417006e+03 2.5697266e-25
1.0441028e+03 2.5719609e-25
1.0465105e+03 2.5742039e-25
1.0489238e+03 2.5764559e-25
1.0513426e+03 2.5787166e-25
1.0537670e+03 2.5809863e-25
1.0561970e+03 2.5832648e-25
1.0586326e+03 2.5855522e-25
1.0610738e+03 2.5878485e-25
1.0635207e+03 2.5901537e-25
1.0659731e+03 2.5924679e-25
1.0684313e+03 2.5947910e-25
1.0708951e+03 2.5971231e-25
1.0733646e+03 2.5994643e-25
1.0758398e+03 2.6018144e-25
1.0783207e+03 2.6041735e-25
1.0808073e+03 2.6065417e-25
1.0832996e+03 2.6089189e-25
1.0857977e+03 2.6113052e-25
1.0883016e+03 2.6137006e-25
1.0908112e+03 2.6161051e-25
1.0933266e+03 2.6185186e-25
1.0958479e+03 2.6209413e-25
1.0983749e+03 2.6233732e-25
1.1009078e+03 2.6258141e-25
1.1034465e+03 2.6282643e-25
1.1059910e+03 2.6307236e-25
1.1085414e+03 2.6331921e-25
1.1110977e+03 2.6356698e-25
1.1136599e+03 2.6381567e-25
1.1162281e+03 2.6406528e-25
1.1188021e+03 2.6431581e-25
1.1213820e+03 2.6456727e-25
1.1239680e+03 2.6481965e-25
1.1265598e+03 2.6507296e-25
1.1291577e+03 2.6532720e-25
1.1317615e+03 2.6558236e-25
1.1343714e+03 2.6583845e-25
1.1369873e+03 2.6609548e-25
1.1396092e+03 2.6635343e-25
1.1422371e+03 2.6661231e-25
1.1448711e+03 2.6687213e-25
1.1475112e+03 2.6713288e-25
1.1501574e+03 2.6739456e-25
1.1528096e+03 2.6765717e-25
1.1554680e+03 2.6792073e-25
1.1581325e+03 2.6818521e-25
1.1608032e+03 2.6845064e-25
1.1634800e+03 2.6871700e-25
1.1661630e+03 2.6898429e-25
1.1688522e+03 2.6925253e-25
1.1715476e+03 2.6952171e-25
1.1742492e+03 2.6979182e-25
1.1769570e+03 2.7006288e-25
1.1796711e+03 2.7033489e-25
1.1823914e+03 2.7060786e-25
1.1851180e+03 2.7088183e-25
1.1878509e+03 2.7115700e-25
1.1905901e+03 2.7143645e-25
1.1933356e+03 2.7171727e-25
1.1960875e+03 2.7198717e-25
1.1988456e+03 2.7226525e-25
1.2016102e+03 2.7254462e-25
1.2043811e+03 2.7282501e-25
1.2071584e+03 2.7310637e-25
1.2099421e+03 2.7338867e-25
1.2127323e+03 2.7367191e-25
1.2155288e+03 2.7395610e-25
1.2183319e+03 2.7424123e-25
1.2211413e+03 2.7452729e-25
1.2239573e+03 2.7481429e-25
1.2267798e+03 2.7510223e-25
1.2296087e+03 2.7539111e-25
1.2324442e+03 2.7568092e-25
1.2352862e+03 2.7597167e-25
1.2381348e+03 2.7626335e-25
1.2409900e+03 2.7655596e-25
1.2438517e+03 2.7684951e-25
1.2467200e+03 2.7714399e-25
1.2495950e+03 2.7743940e-25
1.2524766e+03 2.7773574e-25
1.2553648e+03 2.7803300e-25
1.2582597e+03 2.7833120e-25
1.2611612e+03 2.7863032e-25
1.2640695e+03 2.7893037e-25
1.2669844e+03 2.7923134e-25
1.2699061e+03 2.7953323e-25
1.2728345e+03 2.7983604e-25
1.2757697e+03 2.8013978e-25
1.2787116e+03 2.8044443e-25
1.2816603e+03 2.8075000e-25
1.2846158e+03 2.8105648e-25
1.2875782e+03 2.8136388e-25
1.2905473e+03 2.8167218e-25
1.2935233e+03 2.8198140e-25
1.2965062e+03 2.8229152e-25
1.2994960e+03 2.8260255e-25
1.3024926e+03 2.8291449e-25
1.3054962e+03 2.8322732e-25
1.3085067e+03 2.8354105e-25
1.3115241e+03 2.8385569e-25
1.3145485e+03 2.8417121e-25
1.3175798e+03 2.8448763e-25
1.3206182e+03 2.8480493e-25
1.3236635e+03 2.8512313e-25
1.3267159e+03 2.8544221e-25
1.3297753e+03 2.8576217e-25
1.3328418e+03 2.8608301e-25
1.3359154e+03 2.8640472e-25
1.3389960e+03 2.8672731e-25
1.3420837e+03 2.8705077e-25
1.3451786e+03 2.8737509e-25
1.3482806e+03 2.8770028e-25
1.3513897e+03 2.8802633e-25
1.3545060e+03 2.8835324e-25
1.3576295e+03 2.8868100e-25
1.3607602e+03 2.8900961e-25
1.3638982e+03 2.8933907e-25
1.3670433e+03 2.8966937e-25
1.3701957e+03 2.9000051e-25
1.3733554e+03 2.9033248e-25
1.3765224e+03 2.9066529e-25
1.3796966e+03 2.9099892e-25
1.3828782e+03 2.9133338e-25
1.3860672e+03 2.9166865e-25
1.3892634e+03 2.9200474e-25
1.3924671e+03 2.9234164e-25
1.3956781e+03 2.9267935e-25
1.3988966e+03 2.9301786e-25
1.4021224e+03 2.9335716e-25
1.4053558e+03 2.9369726e-25
1.4085965e+03 2.9403814e-25
1.4118448e+03 2.9437981e-25
1.4151005e+03 2.9472226e-25
1.4183637e+03 2.9506549e-25
1.4216345e+03 2.9540950e-25
1.4249128e+03 2.9575435e-25
1.4281986e+03 2.9610069e-25
1.4314921e+03 2.9645418e-25
1.4347931e+03 2.9679323e-25
1.4381017e+03 2.9714071e-25
1.4414180e+03 2.9748911e-25
1.4447419e+03 2.9783827e-25
1.4480735e+03 2.9818817e-25
1.4514128e+03 2.9853878e-25
1.4547598e+03 2.9889010e-25
1.4581144e+03 2.9924212e-25
1.4614769e+03 2.9959484e-25
1.4648470e+03 2.9994824e-25
1.4682250e+03 3.0030233e-25
1.4716107e+03 3.0065709e-25
1.4750043e+03 3.0101251e-25
1.4784056e+03 3.0136860e-25
1.4818149e+03 3.0172534e-25
1.4852319e+03 3.0208272e-25
1.4886569e+03 3.0244074e-25
1.4920897e+03 3.0279939e-25
1.4955305e+03 3.0315866e-25
1.4989792e+03 3.0351855e-25
1.5024359e+03 3.0387904e-25
1.5059005e+03 3.0424013e-25
1.5093731e+03 3.0460181e-25
1.5128538e+03 3.0496407e-25
1.5163424e+03 3.0532690e-25
1.5198391e+03 3.0569029e-25
1.5233439e+03 3.0605424e-25
1.5268567e+03 3.0641874e-25
1.5303776e+03 3.0678377e-25
1.5339067e+03 3.0714933e-25
1.5374439e+03 3.0751540e-25
1.5409893e+03 3.0788199e-25
1.5445428e+03 3.0824907e-25
1.5481045e+03 3.0861664e-25
1.5516745e+03 3.0898470e-25
1.5552526e+03 3.0935322e-25
1.5588391e+03 3.0972219e-25
1.5624338e+03 3.1009162e-25
1.5660367e+03 3.1046149e-25
1.5696480e+03 3.1083178e-25
1.5732677e+03 3.1120248e-25
1.5768956e+03 3.1157360e-25
1.5805320e+03 3.1194510e-25
1.5841767e+03 3.1231699e-25
1.5878298e+03 3.1268925e-25
1.5914913e+03 3.1306187e-25
1.5951613e+03 3.1343484e-25
1.5988398e+03 3.1380814e-25
1.6025267e+03 3.1418177e-25
1.6062222e+03 3.1455571e-25
1.6099261e+03 3.1492995e-25
1.6136386e+03 3.1530447e-25
1.6173597e+03 3.1567927e-25
1.6210893e+03 3.1605433e-25
1.6248276e+03 3.1642963e-25
1.6285744e+03 3.1680517e-25
1.6323300e+03 3.1718093e-25
1.6360941e+03 3.1755690e-25
1.6398670e+03 3.1793307e-25
1.6436485e+03 3.1830941e-25
1.6474388e+03 3.1868592e-25
1.6512378e+03 3.1906258e-25
1.6550456e+03 3.1943938e-25
1.6588621e+03 3.1981631e-25
1.6626874e+03 3.2019339e-25
1.6665216e+03 3.2057099e-25
1.6703646e+03 3.2094982e-25
1.6742165e+03 3.2132500e-25
1.6780773e+03 3.2170220e-25
1.6819469e+03 3.2207951e-25
1.6858255e+03 3.2245684e-25
1.6897130e+03 3.2283418e-25
1.6936095e+03 3.2321150e-25
1.6975150e+03 3.2358878e-25
1.7014295e+03 3.2396601e-25
1.7053530e+03 3.2434318e-25
1.7092855e+03 3.2472026e-25
1.7132272e+03 3.2509723e-25
1.7171779e+03 3.2547409e-25
1.7211377e+03 3.2585080e-25
1.7251067e+03 3.2622736e-25
1.7290848e+03 3.2660375e-25
1.7330721e+03 3.2697994e-25
1.7370685e+03 3.2735592e-25
1.7410742e+03 3.2773167e-25
1.7450892e+03 3.2810717e-25
1.7491133e+03 3.2848240e-25
1.7531468e+03 3.2885734e-25
1.7571896e+03 3.2923197e-25
1.7612417e+03 3.2960628e-25
1.7653031e+03 3.2998024e-25
1.7693739e+03 3.3035383e-25
1.7734541e+03 3.3072703e-25
1.7775437e+03 3.3109982e-25
1.7816427e+03 3.3147218e-25
1.7857512e+03 3.3184409e-25
1.7898692e+03 3.3221552e-25
1.7939966e+03 3.3258646e-25
1.7981336e+03 3.3295688e-25
1.8022801e+03 3.3332677e-25
1.8064362e+03 3.3369609e-25
1.8106018e+03 3.3406483e-25
1.8147771e+03 3.3443296e-25
1.8189620e+03 3.3480047e-25
1.8231565e+03 3.3516732e-25
1.8273607e+03 3.3553349e-25
1.8315746e+03 3.3589896e-25
1.8357983e+03 3.3626371e-25
1.8400316e+03 3.3662771e-25
1.8442748e+03 3.3699093e-25
1.8485277e+03 3.3735336e-25
1.8527904e+03 3.3771496e-25
1.8570629e+03 3.3807572e-25
1.8613453e+03 3.3843560e-25
1.8656376e+03 3.3879458e-25
1.8699398e+03 3.3915263e-25
1.8742519e+03 3.3950974e-25
1.8785739e+03 3.3986586e-25
1.8829059e+03 3.4022098e-25
1.8872479e+03 3.4057507e-25
1.8915999e+03 3.4092810e-25
1.8959620e+03 3.4128005e-25
1.9003341e+03 3.4163090e-25
1.9047163e+03 3.4198084e-25
1.9091086e+03 3.4232999e-25
1.9135110e+03 3.4267641e-25
1.9179235e+03 3.4302244e-25
1.9223463e+03 3.4336725e-25
1.9267792e+03 3.4371077e-25
1.9312224e+03 3.4405298e-25
1.9356758e+03 3.4439385e-25
1.9401395e+03 3.4473333e-25
1.9446135e+03 3.4507140e-25
1.9490978e+03 3.4540804e-25
1.9535924e+03 3.4574320e-25
1.9580974e+03 3.4607686e-25
1.9626128e+03 3.4640899e-25
1.9671386e+03 3.4673955e-25
1.9716748e+03 3.4706851e-25
1.9762215e+03 3.4739584e-25
1.9807787e+03 3.4772151e-25
1.9853464e+03 3.4804548e-25
1.9899246e+03 3.4836771e-25
1.9945134e+03 3.4868819e-25
1.9991128e+03 3.4900686e-25
2.0037227e+03 3.4932370e-25
2.0083433e+03 3.4963868e-25
2.0129746e+03 3.4995175e-25
2.0176165e+03 3.5026288e-25
2.0222692e+03 3.5057204e-25
2.0269325e+03 3.5087919e-25
2.0316067e+03 3.5118430e-25
2.0362916e+03 3.5148732e-25
2.0409873e+03 3.5178822e-25
2.0456938e+03 3.5208697e-25
2.0504112e+03 3.5238352e-25
2.0551394e+03 3.5267785e-25
2.0598786e+03 3.5296990e-25
2.0646287e+03 3.5325965e-25
2.0693898e+03 3.5354705e-25
2.0741618e+03 3.5383207e-25
2.0789448e+03 3.5411466e-25
2.0837389e+03 3.5439479e-25
2.0885440e+03 3.5467242e-25
2.0933602e+03 3.5494750e-25
2.0981875e+03 3.5521999e-25
2.1030259e+03 3.5548987e-25
2.1078755e+03 3.5575707e-25
2.1127363e+03 3.5602157e-25
2.1176083e+03 3.5628332e-25
2.1224915e+03 3.5654228e-25
2.1273860e+03 3.5679840e-25
2.1322918e+03 3.5705165e-25
2.1372088e+03 3.5730199e-25
2.1421373e+03 3.5754945e-25
2.1470771e+03 3.5779502e-25
2.1520282e+03 3.5803503e-25
2.1569908e+03 3.5827321e-25
2.1619649e+03 3.5850826e-25
2.1669504e+03 3.5874014e-25
2.1719474e+03 3.5896879e-25
2.1769559e+03 3.5919416e-25
2.1819760e+03 3.5941621e-25
2.1870076e+03 3.5963489e-25
2.1920509e+03 3.5985016e-25
2.1971058e+03 3.6006196e-25
2.2021723e+03 3.6027025e-25
2.2072505e+03 3.6047498e-25
2.2123405e+03 3.6067611e-25
2.2174421e+03 3.6087358e-25
2.2225556e+03 3.6106735e-25
2.2276808e+03 3.6125737e-25
2.2328179e+03 3.6144358e-25
2.2379668e+03 3.6162594e-25
2.2431275e+03 3.6180441e-25
2.2483002e+03 3.6197892e-25
2.2534848e+03 3.6214942e-25
2.2586814e+03 3.6231588e-25
2.2638899e+03 3.6247822e-25
2.2691104e+03 3.6263641e-25
2.2743430e+03 3.6279040e-25
2.2795877e+03 3.6294012e-25
2.2848444e+03 3.6309458e-25
2.2901133e+03 3.6324480e-25
2.2953943e+03 3.6339062e-25
2.3006875e+03 3.6353197e-25
2.3059929e+03 3.6366882e-25
2.3113105e+03 3.6380109e-25
2.3166404e+03 3.6392875e-25
2.3219826e+03 3.6405172e-25
2.3273371e+03 3.6416997e-25
2.3327040e+03 3.6428343e-25
2.3380832e+03 3.6439205e-25
2.3434749e+03 3.6449576e-25
2.3488789e+03 3.6459453e-25
2.3542955e+03 3.6468828e-25
2.3597245e+03 3.6477697e-25
2.3651660e+03 3.6486053e-25
2.3706201e+03 3.6493891e-25
2.3760868e+03 3.6501205e-25
2.3815661e+03 3.6508003e-25
2.3870580e+03 3.6514253e-25
2.3925626e+03 3.6519944e-25
2.3980798e+03 3.6525101e-25
2.4036098e+03 3.6529706e-25
2.4091526e+03 3.6533752e-25
2.4147081e+03 3.6537233e-25
2.4202764e+03 3.6540142e-25
2.4258576e+03 3.6542474e-25
2.4314516e+03 3.6544222e-25
2.4370586e+03 3.6545380e-25
2.4426785e+03 3.6545943e-25
2.4483113e+03 3.6545903e-25
2.4539571e+03 3.6545256e-25
2.4596160e+03 3.6543994e-25
2.4652879e+03 3.6542111e-25
2.4709728e+03 3.6539601e-25
2.4766709e+03 3.6536458e-25
2.4823821e+03 3.6532675e-25
2.4881065e+03 3.6528247e-25
2.4938441e+03 3.6523166e-25
2.4995949e+03 3.6517426e-25
2.5053590e+03 3.6511021e-25
2.5111364e+03 3.6503944e-25
2.5169271e+03 3.6496189e-25
2.5227312e+03 3.6487749e-25
2.5285486e+03 3.6478618e-25
2.5343794e+03 3.6468789e-25
2.5402237e+03 3.6458256e-25
2.5460815e+03 3.6447011e-25
2.5519528e+03 3.6435049e-25
2.5578376e+03 3.6422363e-25
2.5637360e+03 3.6408946e-25
2.5696480e+03 3.6394791e-25
2.5755736e+03 3.6379892e-25
2.5815129e+03 3.6364241e-25
2.5874659e+03 3.6347833e-25
2.5934326e+03 3.6330660e-25
2.5994131e+03 3.6312715e-25
2.6054074e+03 3.6293993e-25
2.6114155e+03 3.6274485e-25
2.6174374e+03 3.6254188e-25
2.6234732e+03 3.6233321e-25
2.6295230e+03 3.6211184e-25
2.6355867e+03 3.6188466e-25
2.6416644e+03 3.6164929e-25
2.6477561e+03 3.6140566e-25
2.6538618e+03 3.6115371e-25
2.6599816e+03 3.6089335e-25
2.6661156e+03 3.6062451e-25
2.6722637e+03 3.6034714e-25
2.6784259e+03 3.6006116e-25
2.6846024e+03 3.5976649e-25
2.6907931e+03 3.5946308e-25
2.6969981e+03 3.5915085e-25
2.7032174e+03 3.5882973e-25
2.7094510e+03 3.5849964e-25
2.7156991e+03 3.5816053e-25
2.7219615e+03 3.5781232e-25
2.7282383e+03 3.5745494e-25
2.7345297e+03 3.5708832e-25
2.7408355e+03 3.5671239e-25
2.7471559e+03 3.5632709e-25
2.7534909e+03 3.5593233e-25
2.7598405e+03 3.5552805e-25
2.7662047e+03 3.5511419e-25
2.7725836e+03 3.5469067e-25
2.7789772e+03 3.5425742e-25
2.7853855e+03 3.5381437e-25
2.7918086e+03 3.5336146e-25
2.7982465e+03 3.5289861e-25
2.8046993e+03 3.5242576e-25
2.8111670e+03 3.5194283e-25
2.8176496e+03 3.5144976e-25
2.8241471e+03 3.5094649e-25
2.8306596e+03 3.5043293e-25
2.8371871e+03 3.4990902e-25
2.8437297e+03 3.4937470e-25
2.8502873e+03 3.4882990e-25
2.8568601e+03 3.4827458e-25
2.8634481e+03 3.4770874e-25
2.8700512e+03 3.4713192e-25
2.8766696e+03 3.4654451e-25
2.8833032e+03 3.4594628e-25
2.8899521e+03 3.4533718e-25
2.8966164e+03 3.4471713e-25
2.9032960e+03 3.4408606e-25
2.9099910e+03 3.4344392e-25
2.9167015e+03 3.4279064e-25
2.9234274e+03 3.4212616e-25
2.9301688e+03 3.4145041e-25
2.9369258e+03 3.4076333e-25
2.9436984e+03 3.4006486e-25
2.9504866e+03 3.3935493e-25
2.9572904e+03 3.3863350e-25
2.9641100e+03 3.3790049e-25
2.9709452e+03 3.3715585e-25
2.9777963e+03 3.3639952e-25
2.9846631e+03 3.3563144e-25
2.9915457e+03 3.3485156e-25
2.9984443e+03 3.3405981e-25
3.0053587e+03 3.3325615e-25
3.0122891e+03 3.3244051e-25
3.0192354e+03 3.3161285e-25
3.0261978e+03 3.3077312e-25
3.0331763e+03 3.2992125e-25
3.0401708e+03 3.2905720e-25
3.0471814e+03 3.2818092e-25
3.0542083e+03 3.2729236e-25
3.0612513e+03 3.2639148e-25
3.0683106e+03 3.2547823e-25
3.0753861e+03 3.2455256e-25
3.0824780e+03 3.2361442e-25
3.0895862e+03 3.2266379e-25
3.0967108e+03 3.2170069e-25
3.1038518e+03 3.2072488e-25
3.1110093e+03 3.1973646e-25
3.1181833e+03 3.1873541e-25
3.1253739e+03 3.1772168e-25
3.1325810e+03 3.1669521e-25
3.1398048e+03 3.1565599e-25
3.1470452e+03 3.1460398e-25
3.1543023e+03 3.1353915e-25
3.1615762e+03 3.1246149e-25
3.1688668e+03 3.1137095e-25
3.1761742e+03 3.1026753e-25
3.1834985e+03 3.0915121e-25
3.1908397e+03 3.0802195e-25
3.1981978e+03 3.0687976e-25
3.2055728e+03 3.0572461e-25
3.2129649e+03 3.0455650e-25
3.2203740e+03 3.0337542e-25
3.2278002e+03 3.0218136e-25
3.2352436e+03 3.0097432e-25
3.2427041e+03 2.9975430e-25
3.2501818e+03 2.9852131e-25
3.2576767e+03 2.9727534e-25
3.2651889e+03 2.9601641e-25
3.2727185e+03 2.9474454e-25
3.2802654e+03 2.9345973e-25
3.2878297e+03 2.9216202e-25
3.2954115e+03 2.9085141e-25
3.3030107e+03 2.8952794e-25
3.3106275e+03 2.8819164e-25
3.3182618e+03 2.8684254e-25
3.3259138e+03 2.8548069e-25
3.3335833e+03 2.8410615e-25
3.3412706e+03 2.8271896e-25
3.3489756e+03 2.8131905e-25
3.3566984e+03 2.7990665e-25
3.3644389e+03 2.7848176e-25
3.3721974e+03 2.7704444e-25
3.3799737e+03 2.7559478e-25
3.3877679e+03 2.7413284e-25
3.3955801e+03 2.7265872e-25
3.4034104e+03 2.7117251e-25
3.4112587e+03 2.6967430e-25
3.4191251e+03 2.6816419e-25
3.4270096e+03 2.6664231e-25
3.4349123e+03 2.6510876e-25
3.4428332e+03 2.6356368e-25
3.4507724e+03 2.6200719e-25
3.4587299e+03 2.6043944e-25
3.4667058e+03 2.5886058e-25
3.4747000e+03 2.5727076e-25
3.4827127e+03 2.5567016e-25
3.4907439e+03 2.5405894e-25
3.4987936e+03 2.5243731e-25
3.5068618e+03 2.5080545e-25
3.5149487e+03 2.4916357e-25
3.5230542e+03 2.4751190e-25
3.5311784e+03 2.4585066e-25
3.5393213e+03 2.4418009e-25
3.5474830e+03 2.4250044e-25
3.5556635e+03 2.4081200e-25
3.5638629e+03 2.3911503e-25
3.5720812e+03 2.3740987e-25
3.5803184e+03 2.3569677e-25
3.5885747e+03 2.3397603e-25
3.5968500e+03 2.3224807e-25
3.6051443e+03 2.3051323e-25
3.6134578e+03 2.2877187e-25
3.6217905e+03 2.2702439e-25
3.6301424e+03 2.2527121e-25
3.6385135e+03 2.2351274e-25
3.6469039e+03 2.2174946e-25
3.6553137e+03 2.1998183e-25
3.6637429e+03 2.1821035e-25
3.6721915e+03 2.1643554e-25
3.6806596e+03 2.1465795e-25
3.6891472e+03 2.1287814e-25
3.6976544e+03 2.1109671e-25
3.7061813e+03 2.0931430e-25
3.7147277e+03 2.0753154e-25
3.7232939e+03 2.0574912e-25
3.7318799e+03 2.0396776e-25
3.7404856e+03 2.0218820e-25
3.7491112e+03 2.0041122e-25
3.7577567e+03 1.9863764e-25
3.7664221e+03 1.9686831e-25
3.7751075e+03 1.9510410e-25
3.7838129e+03 1.9334597e-25
3.7925384e+03 1.9159486e-25
3.8012841e+03 1.8985179e-25
3.8100498e+03 1.8811783e-25
3.8188359e+03 1.8639405e-25
3.8276421e+03 1.8468154e-25
3.8364687e+03 1.8298159e-25
3.8453156e+03 1.8129539e-25
3.8541829e+03 1.7962423e-25
3.8630707e+03 1.7796946e-25
3.8719790e+03 1.7633245e-25
3.8809078e+03 1.7471465e-25
3.8898572e+03 1.7311756e-25
3.8988272e+03 1.7154271e-25
3.9078180e+03 1.6999172e-25
3.9168294e+03 1.6846624e-25
3.9258617e+03 1.6696798e-25
3.9349147e+03 1.6549870e-25
3.9439887e+03 1.6406022e-25
3.9530835e+03 1.6265440e-25
3.9621994e+03 1.6128315e-25
3.9713362e+03 1.5994845e-25
3.9804942e+03 1.5865229e-25
3.9896732e+03 1.5739673e-25
3.9988734e+03 1.5618385e-25
4.0080949e+03 1.5501577e-25
4.0173376e+03 1.5389463e-25
4.0266016e+03 1.5282260e-25
4.0358870e+03 1.5180186e-25
4.0451937e+03 1.5083461e-25
4.0545220e+03 1.4992369e-25
4.0638718e+03 1.4906930e-25
4.0732431e+03 1.4827560e-25
4.0826360e+03 1.4754405e-25
4.0920506e+03 1.4687678e-25
4.1014869e+03 1.4627581e-25
4.1109450e+03 1.4574317e-25
4.1204248e+03 1.4528076e-25
4.1299266e+03 1.4489044e-25
4.1394502e+03 1.4457395e-25
4.1489958e+03 1.4433297e-25
4.1585634e+03 1.4416901e-25
4.1681531e+03 1.4408351e-25
4.1777649e+03 1.4407775e-25
4.1873988e+03 1.4415288e-25
4.1970550e+03 1.4430989e-25
4.2067335e+03 1.4454966e-25
4.2164342e+03 1.4487286e-25
4.2261574e+03 1.4528003e-25
4.2359029e+03 1.4577154e-25
4.2456709e+03 1.4634761e-25
4.2554615e+03 1.4700827e-25
4.2652746e+03 1.4775343e-25
4.2751104e+03 1.4858281e-25
4.2849688e+03 1.4949601e-25
4.2948500e+03 1.5049249e-25
4.3047539e+03 1.5157138e-25
4.3146807e+03 1.5273204e-25
4.3246304e+03 1.5397344e-25
4.3346030e+03 1.5529453e-25
4.3445987e+03 1.5669411e-25
4.3546173e+03 1.5817092e-25
4.3646591e+03 1.5972360e-25
4.3747241e+03 1.6135072e-25
4.3848122e+03 1.6305078e-25
4.3949236e+03 1.6482222e-25
4.4050583e+03 1.6666345e-25
4.4152164e+03 1.6857281e-25
4.4253980e+03 1.7054863e-25
4.4356030e+03 1.7258922e-25
4.4458315e+03 1.7469284e-25
4.4560836e+03 1.7685778e-25
4.4663594e+03 1.7908231e-25
4.4766588e+03 1.8136469e-25
4.4869821e+03 1.8370319e-25
4.4973291e+03 1.8609610e-25
4.5076999e+03 1.8854172e-25
4.5180947e+03 1.9103835e-25
4.5285135e+03 1.9358447e-25
4.5389563e+03 1.9617803e-25
4.5494231e+03 1.9881780e-25
4.5599142e+03 2.0150206e-25
4.5704294e+03 2.0422923e-25
4.5809688e+03 2.0699778e-25
4.5915325e+03 2.0980620e-25
4.6021207e+03 2.1265298e-25
4.6127332e+03 2.1553669e-25
4.6233702e+03 2.1845588e-25
4.6340317e+03 2.2140916e-25
4.6447178e+03 2.2439516e-25
4.6554286e+03 2.2741254e-25
4.6661640e+03 2.3045998e-25
4.6769242e+03 2.3353620e-25
4.6877093e+03 2.3663992e-25
4.6985192e+03 2.3976991e-25
4.7093540e+03 2.4292497e-25
4.7202138e+03 2.4610390e-25
4.7310986e+03 2.4930553e-25
4.7420086e+03 2.5252873e-25
4.7529437e+03 2.5577236e-25
4.7639040e+03 2.5903535e-25
4.7748896e+03 2.6231657e-25
4.7859005e+03 2.6561499e-25
4.7969369e+03 2.6892955e-25
4.8079986e+03 2.7225923e-25
4.8190859e+03 2.7560301e-25
4.8301988e+03 2.7895990e-25
4.8413372e+03 2.8232890e-25
4.8525014e+03 2.8570906e-25
4.8636913e+03 2.8909940e-25
4.8749070e+03 2.9249898e-25
4.8861486e+03 2.9590688e-25
4.8974161e+03 2.9932216e-25
4.9087096e+03 3.0274391e-25
4.9200291e+03 3.0617123e-25
4.9313747e+03 3.0960322e-25
4.9427465e+03 3.1303900e-25
4.9541445e+03 3.1647767e-25
4.9655688e+03 3.1991838e-25
4.9770194e+03 3.2336024e-25
4.9884965e+03 3.2680241e-25
5.0000000e+03 3.3024403e-25
