   5.0000000e+00   8.6269215e-18
   5.0115300e+00   1.5208916e-17
   5.0230867e+00   2.6812709e-17
   5.0346699e+00   4.7269730e-17
   5.0462799e+00   2.9480546e-17
   5.0579167e+00   1.8347743e-17
   5.0695803e+00   1.1419044e-17
   5.0812708e+00   8.5033465e-18
   5.0929882e+00   6.3367011e-18
   5.1047327e+00   4.7221152e-18
   5.1165042e+00   3.9799635e-18
   5.1283029e+00   3.3569486e-18
   5.1401288e+00   2.8314591e-18
   5.1519820e+00   2.4989857e-18
   5.1638625e+00   2.2063590e-18
   5.1757704e+00   1.9479983e-18
   5.1877058e+00   1.7613151e-18
   5.1996687e+00   1.5929057e-18
   5.2116592e+00   1.4405988e-18
   5.2236773e+00   1.3221496e-18
   5.2357231e+00   1.2136565e-18
   5.2477968e+00   1.1140661e-18
   5.2598982e+00   1.0329192e-18
   5.2720276e+00   9.5781902e-19
   5.2841849e+00   8.8817910e-19
   5.2963703e+00   8.2958749e-19
   5.3085838e+00   7.7495240e-19
   5.3208254e+00   7.2391547e-19
   5.3330953e+00   6.7996291e-19
   5.3453934e+00   6.3874328e-19
   5.3577199e+00   6.0002240e-19
   5.3700749e+00   5.6608277e-19
   5.3824583e+00   5.3410991e-19
   5.3948703e+00   5.0394291e-19
   5.4073109e+00   4.7713420e-19
   5.4197802e+00   4.5178699e-19
   5.4322783e+00   4.2778632e-19
   5.4448051e+00   4.0622118e-19
   5.4573609e+00   3.8577032e-19
   5.4699456e+00   3.6634904e-19
   5.4825594e+00   3.4874096e-19
   5.4952022e+00   3.3200047e-19
   5.5078742e+00   3.1606356e-19
   5.5205754e+00   3.0150634e-19
   5.5333058e+00   2.8763653e-19
   5.5460657e+00   2.7440475e-19
   5.5588550e+00   2.6224237e-19
   5.5716737e+00   2.5063270e-19
   5.5845220e+00   2.3953701e-19
   5.5974000e+00   2.2928340e-19
   5.6103076e+00   2.1947984e-19
   5.6232451e+00   2.1009545e-19
   5.6362123e+00   2.0138330e-19
   5.6492094e+00   1.9304157e-19
   5.6622366e+00   1.8504538e-19
   5.6752937e+00   1.7759226e-19
   5.6883810e+00   1.7044695e-19
   5.7014985e+00   1.6358911e-19
   5.7146461e+00   1.5717465e-19
   5.7278242e+00   1.5101806e-19
   5.7410326e+00   1.4510263e-19
   5.7542714e+00   1.3955254e-19
   5.7675408e+00   1.3422010e-19
   5.7808408e+00   1.2909142e-19
   5.7941715e+00   1.2426629e-19
   5.8075329e+00   1.1962605e-19
   5.8209251e+00   1.1515909e-19
   5.8343482e+00   1.1094621e-19
   5.8478023e+00   1.0689133e-19
   5.8612873e+00   1.0298465e-19
   5.8748035e+00   9.9292089e-20
   5.8883508e+00   9.5735244e-20
   5.9019294e+00   9.2305812e-20
   5.9155393e+00   8.9057903e-20
   5.9291806e+00   8.5927136e-20
   5.9428533e+00   8.2906428e-20
   5.9565576e+00   8.0040462e-20
   5.9702935e+00   7.7276039e-20
   5.9840610e+00   7.4607094e-20
   5.9978603e+00   7.2070723e-20
   6.0116914e+00   6.9622722e-20
   6.0255544e+00   6.7257872e-20
   6.0394494e+00   6.5007127e-20
   6.0533764e+00   6.2833567e-20
   6.0673355e+00   6.0732682e-20
   6.0813269e+00   5.8730419e-20
   6.0953505e+00   5.6795798e-20
   6.1094064e+00   5.4924904e-20
   6.1234947e+00   5.3139583e-20
   6.1376155e+00   5.1413721e-20
   6.1517689e+00   4.9743911e-20
   6.1659550e+00   4.8148616e-20
   6.1801737e+00   4.6605738e-20
   6.1944252e+00   4.5112299e-20
   6.2087096e+00   4.3683963e-20
   6.2230269e+00   4.2301955e-20
   6.2373773e+00   4.0963670e-20
   6.2517607e+00   3.9682438e-20
   6.2661773e+00   3.8442256e-20
   6.2806272e+00   3.7240833e-20
   6.2951104e+00   3.6089553e-20
   6.3096269e+00   3.4974729e-20
   6.3241770e+00   3.3894342e-20
   6.3387606e+00   3.2858143e-20
   6.3533778e+00   3.1854389e-20
   6.3680288e+00   3.0881297e-20
   6.3827135e+00   2.9947244e-20
   6.3974321e+00   2.9042123e-20
   6.4121846e+00   2.8164358e-20
   6.4269711e+00   2.7321162e-20
   6.4417918e+00   2.6503816e-20
   6.4566466e+00   2.5710921e-20
   6.4715357e+00   2.4948704e-20
   6.4864591e+00   2.4209624e-20
   6.5014169e+00   2.3492439e-20
   6.5164092e+00   2.2802534e-20
   6.5314361e+00   2.2133372e-20
   6.5464977e+00   2.1483848e-20
   6.5615939e+00   2.0858631e-20
   6.5767250e+00   2.0252041e-20
   6.5918910e+00   1.9663090e-20
   6.6070920e+00   1.9095838e-20
   6.6223280e+00   1.8545336e-20
   6.6375991e+00   1.8010705e-20
   6.6529055e+00   1.7495475e-20
   6.6682471e+00   1.6995330e-20
   6.6836241e+00   1.6509484e-20
   6.6990366e+00   1.6041014e-20
   6.7144846e+00   1.5586148e-20
   6.7299683e+00   1.5144180e-20
   6.7454877e+00   1.4717800e-20
   6.7610428e+00   1.4303704e-20
   6.7766338e+00   1.3901259e-20
   6.7922608e+00   1.3512816e-20
   6.8079238e+00   1.3135479e-20
   6.8236229e+00   1.2768679e-20
   6.8393582e+00   1.2414475e-20
   6.8551299e+00   1.2070323e-20
   6.8709378e+00   1.1735712e-20
   6.8867823e+00   1.1412447e-20
   6.9026632e+00   1.1098291e-20
   6.9185808e+00   1.0792782e-20
   6.9345351e+00   1.0497507e-20
   6.9505262e+00   1.0210494e-20
   6.9665542e+00   9.9313282e-21
   6.9826191e+00   9.6614027e-21
   6.9987211e+00   9.3989799e-21
   7.0148602e+00   9.1436849e-21
   7.0310365e+00   8.8967432e-21
   7.0472502e+00   8.6566207e-21
   7.0635012e+00   8.4229791e-21
   7.0797897e+00   8.1968971e-21
   7.0961157e+00   7.9770190e-21
   7.1124794e+00   7.7630391e-21
   7.1288808e+00   7.5559075e-21
   7.1453201e+00   7.3544253e-21
   7.1617972e+00   7.1583158e-21
   7.1783124e+00   6.9684166e-21
   7.1948656e+00   6.7836661e-21
   7.2114571e+00   6.6038138e-21
   7.2280867e+00   6.4295986e-21
   7.2447548e+00   6.2600798e-21
   7.2614612e+00   6.0950304e-21
   7.2782062e+00   5.9351025e-21
   7.2949898e+00   5.7794619e-21
   7.3118121e+00   5.6279027e-21
   7.3286732e+00   5.4810005e-21
   7.3455732e+00   5.3380152e-21
   7.3625121e+00   5.1987600e-21
   7.3794901e+00   5.0637430e-21
   7.3965073e+00   4.9323071e-21
   7.4135637e+00   4.8042828e-21
   7.4306594e+00   4.6801188e-21
   7.4477946e+00   4.5592312e-21
   7.4649693e+00   4.4414661e-21
   7.4821835e+00   4.3272199e-21
   7.4994375e+00   4.2159734e-21
   7.5167313e+00   4.1075869e-21
   7.5340649e+00   4.0024103e-21
   7.5514385e+00   3.8999821e-21
   7.5688522e+00   3.8001752e-21
   7.5863060e+00   3.7032985e-21
   7.6038001e+00   3.6089415e-21
   7.6213345e+00   3.5169886e-21
   7.6389094e+00   3.4277126e-21
   7.6565248e+00   3.3407480e-21
   7.6741808e+00   3.2559898e-21
   7.6918775e+00   3.1736785e-21
   7.7096150e+00   3.0934890e-21
   7.7273934e+00   3.0153256e-21
   7.7452129e+00   2.9394005e-21
   7.7630734e+00   2.8654242e-21
   7.7809751e+00   2.7933096e-21
   7.7989181e+00   2.7232437e-21
   7.8169025e+00   2.6549688e-21
   7.8349283e+00   2.5884056e-21
   7.8529957e+00   2.5237187e-21
   7.8711048e+00   2.4606786e-21
   7.8892556e+00   2.3992132e-21
   7.9074483e+00   2.3394672e-21
   7.9256829e+00   2.2812363e-21
   7.9439596e+00   2.2244549e-21
   7.9622784e+00   2.1692499e-21
   7.9806395e+00   2.1154397e-21
   7.9990429e+00   2.0629643e-21
   8.0174888e+00   2.0119353e-21
   8.0359772e+00   1.9621907e-21
   8.0545082e+00   1.9136761e-21
   8.0730819e+00   1.8664891e-21
   8.0916985e+00   1.8204857e-21
   8.1103581e+00   1.7756162e-21
   8.1290606e+00   1.7319660e-21
   8.1478063e+00   1.6894070e-21
   8.1665952e+00   1.6478937e-21
   8.1854274e+00   1.6075010e-21
   8.2043031e+00   1.5681146e-21
   8.2232223e+00   1.5296932e-21
   8.2421851e+00   1.4923020e-21
   8.2611916e+00   1.4558393e-21
   8.2802420e+00   1.4202676e-21
   8.2993363e+00   1.3856435e-21
   8.3184746e+00   1.3518765e-21
   8.3376571e+00   1.3189325e-21
   8.3568838e+00   1.2868605e-21
   8.3761548e+00   1.2555801e-21
   8.3954703e+00   1.2250601e-21
   8.4148303e+00   1.1953431e-21
   8.4342350e+00   1.1663574e-21
   8.4536844e+00   1.1380746e-21
   8.4731786e+00   1.1105315e-21
   8.4927179e+00   1.0836645e-21
   8.5123021e+00   1.0574474e-21
   8.5319316e+00   1.0319120e-21
   8.5516063e+00   1.0070017e-21
   8.5713263e+00   9.8269272e-22
   8.5910919e+00   9.5901234e-22
   8.6109030e+00   9.3591013e-22
   8.6307598e+00   9.1336445e-22
   8.6506624e+00   8.9139865e-22
   8.6706109e+00   8.6996785e-22
   8.6906054e+00   8.4905229e-22
   8.7106460e+00   8.2867191e-22
   8.7307328e+00   8.0878677e-22
   8.7508660e+00   7.8937879e-22
   8.7710455e+00   7.7046500e-22
   8.7912716e+00   7.5200977e-22
   8.8115444e+00   7.3399660e-22
   8.8318638e+00   7.1643996e-22
   8.8522302e+00   6.9930808e-22
   8.8726435e+00   6.8258585e-22
   8.8931039e+00   6.6628559e-22
   8.9136114e+00   6.5037887e-22
   8.9341663e+00   6.3485190e-22
   8.9547686e+00   6.1971512e-22
   8.9754183e+00   6.0494308e-22
   8.9961157e+00   5.9052317e-22
   9.0168608e+00   5.7646423e-22
   9.0376538e+00   5.6274345e-22
   9.0584947e+00   5.4934925e-22
   9.0793836e+00   5.3628916e-22
   9.1003208e+00   5.2354268e-22
   9.1213062e+00   5.1109914e-22
   9.1423400e+00   4.9896503e-22
   9.1634223e+00   4.8712180e-22
   9.1845532e+00   4.7555968e-22
   9.2057328e+00   4.6428424e-22
   9.2269613e+00   4.5327869e-22
   9.2482388e+00   4.4253403e-22
   9.2695653e+00   4.3205512e-22
   9.2909410e+00   4.2182668e-22
   9.3123660e+00   4.1184039e-22
   9.3338403e+00   4.0210059e-22
   9.3553642e+00   3.9259329e-22
   9.3769378e+00   3.8331078e-22
   9.3985611e+00   3.7425702e-22
   9.4202342e+00   3.6541911e-22
   9.4419574e+00   3.5678991e-22
   9.4637306e+00   3.4837310e-22
   9.4855540e+00   3.4015674e-22
   9.5074278e+00   3.3213416e-22
   9.5293520e+00   3.2430890e-22
   9.5513267e+00   3.1666982e-22
   9.5733522e+00   3.0921068e-22
   9.5954284e+00   3.0193495e-22
   9.6175555e+00   2.9483217e-22
   9.6397337e+00   2.8789648e-22
   9.6619630e+00   2.8113140e-22
   9.6842435e+00   2.7452699e-22
   9.7065755e+00   2.6807773e-22
   9.7289589e+00   2.6178725e-22
   9.7513940e+00   2.5564608e-22
   9.7738808e+00   2.4964897e-22
   9.7964194e+00   2.4379973e-22
   9.8190100e+00   2.3808923e-22
   9.8416527e+00   2.3251249e-22
   9.8643477e+00   2.2707355e-22
   9.8870949e+00   2.2176356e-22
   9.9098946e+00   2.1657773e-22
   9.9327469e+00   2.1152042e-22
   9.9556519e+00   2.0658294e-22
   9.9786097e+00   2.0176072e-22
   1.0001620e+01   1.9706220e-22
   1.0024684e+01   1.9247581e-22
   1.0047801e+01   1.8799616e-22
   1.0070972e+01   1.8364037e-22
   1.0094195e+01   1.7939036e-22
   1.0117473e+01   1.7523870e-22
   1.0140804e+01   1.7120277e-22
   1.0164188e+01   1.6726472e-22
   1.0187627e+01   1.6341725e-22
   1.0211120e+01   1.5967761e-22
   1.0234667e+01   1.5602845e-22
   1.0258268e+01   1.5246269e-22
   1.0281924e+01   1.4899743e-22
   1.0305634e+01   1.4561582e-22
   1.0329399e+01   1.4231095e-22
   1.0353218e+01   1.3909978e-22
   1.0377093e+01   1.3596593e-22
   1.0401023e+01   1.3290268e-22
   1.0425007e+01   1.2992680e-22
   1.0449048e+01   1.2702239e-22
   1.0473143e+01   1.2418290e-22
   1.0497294e+01   1.2142489e-22
   1.0521501e+01   1.1873294e-22
   1.0545764e+01   1.1610067e-22
   1.0570082e+01   1.1354440e-22
   1.0594457e+01   1.1104919e-22
   1.0618888e+01   1.0860880e-22
   1.0643375e+01   1.0623933e-22
   1.0667919e+01   1.0392627e-22
   1.0692519e+01   1.0166357e-22
   1.0717176e+01   9.9467044e-23
   1.0741890e+01   9.7322641e-23
   1.0766661e+01   9.5224470e-23
   1.0791489e+01   9.3188042e-23
   1.0816374e+01   9.1199781e-23
   1.0841317e+01   8.9253941e-23
   1.0866317e+01   8.7365720e-23
   1.0891375e+01   8.5522002e-23
   1.0916491e+01   8.3717193e-23
   1.0941664e+01   8.1966156e-23
   1.0966896e+01   8.0256234e-23
   1.0992185e+01   7.8581983e-23
   1.1017533e+01   7.6957913e-23
   1.1042940e+01   7.5371826e-23
   1.1068405e+01   7.3818429e-23
   1.1093929e+01   7.2311860e-23
   1.1119512e+01   7.0840379e-23
   1.1145153e+01   6.9398842e-23
   1.1170854e+01   6.8001001e-23
   1.1196614e+01   6.6635573e-23
   1.1222434e+01   6.5297562e-23
   1.1248313e+01   6.4000321e-23
   1.1274251e+01   6.2733021e-23
   1.1300250e+01   6.1490815e-23
   1.1326308e+01   6.0286642e-23
   1.1352427e+01   5.9110126e-23
   1.1378606e+01   5.7956570e-23
   1.1404845e+01   5.6838489e-23
   1.1431144e+01   5.5745954e-23
   1.1457505e+01   5.4674419e-23
   1.1483926e+01   5.3635965e-23
   1.1510408e+01   5.2621109e-23
   1.1536951e+01   5.1625454e-23
   1.1563555e+01   5.0660641e-23
   1.1590221e+01   4.9717624e-23
   1.1616948e+01   4.8792162e-23
   1.1643737e+01   4.7895444e-23
   1.1670587e+01   4.7018861e-23
   1.1697500e+01   4.6158321e-23
   1.1724474e+01   4.5324564e-23
   1.1751511e+01   4.4509407e-23
   1.1778610e+01   4.3708911e-23
   1.1805772e+01   4.2933361e-23
   1.1832996e+01   4.2174994e-23
   1.1860283e+01   4.1430023e-23
   1.1887633e+01   4.0708279e-23
   1.1915046e+01   4.0002410e-23
   1.1942522e+01   3.9308781e-23
   1.1970061e+01   3.8636770e-23
   1.1997664e+01   3.7979428e-23
   1.2025331e+01   3.7333269e-23
   1.2053062e+01   3.6707222e-23
   1.2080856e+01   3.6094730e-23
   1.2108715e+01   3.5492458e-23
   1.2136637e+01   3.4908888e-23
   1.2164625e+01   3.4337847e-23
   1.2192676e+01   3.3776146e-23
   1.2220793e+01   3.3231830e-23
   1.2248974e+01   3.2699094e-23
   1.2277220e+01   3.2174898e-23
   1.2305532e+01   3.1666855e-23
   1.2333908e+01   3.1169517e-23
   1.2362350e+01   3.0679990e-23
   1.2390858e+01   3.0205464e-23
   1.2419431e+01   2.9740838e-23
   1.2448071e+01   2.9283358e-23
   1.2476776e+01   2.8839804e-23
   1.2505548e+01   2.8405406e-23
   1.2534386e+01   2.7977551e-23
   1.2563290e+01   2.7562619e-23
   1.2592261e+01   2.7156157e-23
   1.2621299e+01   2.6755688e-23
   1.2650404e+01   2.6367207e-23
   1.2679576e+01   2.5986564e-23
   1.2708815e+01   2.5611415e-23
   1.2738121e+01   2.5247382e-23
   1.2767496e+01   2.4890605e-23
   1.2796938e+01   2.4538869e-23
   1.2826447e+01   2.4197437e-23
   1.2856025e+01   2.3862723e-23
   1.2885671e+01   2.3532639e-23
   1.2915386e+01   2.3212105e-23
   1.2945169e+01   2.2897794e-23
   1.2975020e+01   2.2587739e-23
   1.3004941e+01   2.2286532e-23
   1.3034930e+01   2.1991093e-23
   1.3064989e+01   2.1699570e-23
   1.3095117e+01   2.1416244e-23
   1.3125314e+01   2.1138266e-23
   1.3155582e+01   2.0863897e-23
   1.3185918e+01   2.0597120e-23
   1.3216325e+01   2.0335305e-23
   1.3246802e+01   2.0076818e-23
   1.3277349e+01   1.9825365e-23
   1.3307967e+01   1.9578517e-23
   1.3338655e+01   1.9334743e-23
   1.3369414e+01   1.9097485e-23
   1.3400244e+01   1.8864504e-23
   1.3431145e+01   1.8634366e-23
   1.3462118e+01   1.8410265e-23
   1.3493162e+01   1.8190140e-23
   1.3524277e+01   1.7972647e-23
   1.3555464e+01   1.7760749e-23
   1.3586723e+01   1.7552549e-23
   1.3618054e+01   1.7346790e-23
   1.3649457e+01   1.7146217e-23
   1.3680933e+01   1.6949087e-23
   1.3712481e+01   1.6754223e-23
   1.3744103e+01   1.6564169e-23
   1.3775797e+01   1.6377322e-23
   1.3807564e+01   1.6192582e-23
   1.3839404e+01   1.6012307e-23
   1.3871318e+01   1.5835020e-23
   1.3903305e+01   1.5659697e-23
   1.3935366e+01   1.5488518e-23
   1.3967501e+01   1.5320128e-23
   1.3999710e+01   1.5153569e-23
   1.4031994e+01   1.4990860e-23
   1.4064352e+01   1.4830757e-23
   1.4096784e+01   1.4672363e-23
   1.4129292e+01   1.4517549e-23
   1.4161874e+01   1.4365172e-23
   1.4194531e+01   1.4214393e-23
   1.4227264e+01   1.4066946e-23
   1.4260072e+01   1.3921778e-23
   1.4292956e+01   1.3778108e-23
   1.4325916e+01   1.3637541e-23
   1.4358951e+01   1.3499109e-23
   1.4392063e+01   1.3362082e-23
   1.4425251e+01   1.3227948e-23
   1.4458516e+01   1.3095816e-23
   1.4491858e+01   1.2965004e-23
   1.4525276e+01   1.2836891e-23
   1.4558771e+01   1.2710659e-23
   1.4592344e+01   1.2585668e-23
   1.4625994e+01   1.2463198e-23
   1.4659722e+01   1.2342496e-23
   1.4693527e+01   1.2222963e-23
   1.4727410e+01   1.2105787e-23
   1.4761372e+01   1.1990275e-23
   1.4795412e+01   1.1875866e-23
   1.4829530e+01   1.1763664e-23
   1.4863727e+01   1.1653029e-23
   1.4898003e+01   1.1543434e-23
   1.4932358e+01   1.1435910e-23
   1.4966792e+01   1.1329863e-23
   1.5001306e+01   1.1224800e-23
   1.5035899e+01   1.1121680e-23
   1.5070572e+01   1.1019955e-23
   1.5105324e+01   1.0919160e-23
   1.5140157e+01   1.0820192e-23
   1.5175071e+01   1.0722543e-23
   1.5210065e+01   1.0625775e-23
   1.5245139e+01   1.0530725e-23
   1.5280295e+01   1.0436924e-23
   1.5315531e+01   1.0343958e-23
   1.5350849e+01   1.0252612e-23
   1.5386248e+01   1.0162448e-23
   1.5421729e+01   1.0073078e-23
   1.5457291e+01   9.9852345e-24
   1.5492936e+01   9.8985135e-24
   1.5528663e+01   9.8125456e-24
   1.5564472e+01   9.7280207e-24
   1.5600364e+01   9.6445613e-24
   1.5636338e+01   9.5618180e-24
   1.5672396e+01   9.4804395e-24
   1.5708537e+01   9.4000739e-24
   1.5744761e+01   9.3203895e-24
   1.5781068e+01   9.2419977e-24
   1.5817459e+01   9.1645699e-24
   1.5853935e+01   9.0877906e-24
   1.5890494e+01   9.0122370e-24
   1.5927137e+01   8.9376016e-24
   1.5963866e+01   8.8635843e-24
   1.6000678e+01   8.7907304e-24
   1.6037576e+01   8.7187521e-24
   1.6074559e+01   8.6473632e-24
   1.6111627e+01   8.5770800e-24
   1.6148780e+01   8.5076326e-24
   1.6186020e+01   8.4387474e-24
   1.6223345e+01   8.3709145e-24
   1.6260756e+01   8.3038799e-24
   1.6298253e+01   8.2373821e-24
   1.6335837e+01   8.1718866e-24
   1.6373508e+01   8.1071545e-24
   1.6411265e+01   8.0429351e-24
   1.6449110e+01   7.9796715e-24
   1.6487041e+01   7.9171385e-24
   1.6525061e+01   7.8550955e-24
   1.6563168e+01   7.7939647e-24
   1.6601362e+01   7.7335338e-24
   1.6639645e+01   7.6735713e-24
   1.6678016e+01   7.6144805e-24
   1.6716476e+01   7.5560605e-24
   1.6755024e+01   7.4980887e-24
   1.6793662e+01   7.4409504e-24
   1.6832388e+01   7.3844556e-24
   1.6871203e+01   7.3283898e-24
   1.6910109e+01   7.2731217e-24
   1.6949103e+01   7.2184715e-24
   1.6988188e+01   7.1642318e-24
   1.7027363e+01   7.1107564e-24
   1.7066628e+01   7.0578745e-24
   1.7105984e+01   7.0053859e-24
   1.7145431e+01   6.9536299e-24
   1.7184968e+01   6.9024444e-24
   1.7224597e+01   6.8516357e-24
   1.7264317e+01   6.8015299e-24
   1.7304128e+01   6.7519729e-24
   1.7344032e+01   6.7027770e-24
   1.7384027e+01   6.6542558e-24
   1.7424115e+01   6.6062629e-24
   1.7464295e+01   6.5586161e-24
   1.7504568e+01   6.5116176e-24
   1.7544934e+01   6.4651277e-24
   1.7585392e+01   6.4189698e-24
   1.7625945e+01   6.3734349e-24
   1.7666590e+01   6.3283902e-24
   1.7707329e+01   6.2836639e-24
   1.7748163e+01   6.2395368e-24
   1.7789090e+01   6.1958823e-24
   1.7830112e+01   6.1525331e-24
   1.7871228e+01   6.1097607e-24
   1.7912439e+01   6.0674440e-24
   1.7953746e+01   6.0254203e-24
   1.7995147e+01   5.9839519e-24
   1.8036644e+01   5.9429232e-24
   1.8078237e+01   5.9021758e-24
   1.8119925e+01   5.8619631e-24
   1.8161710e+01   5.8221749e-24
   1.8203591e+01   5.7826568e-24
   1.8245569e+01   5.7436540e-24
   1.8287643e+01   5.7050611e-24
   1.8329814e+01   5.6667274e-24
   1.8372083e+01   5.6288905e-24
   1.8414449e+01   5.5914496e-24
   1.8456913e+01   5.5542577e-24
   1.8499475e+01   5.5175448e-24
   1.8542135e+01   5.4812146e-24
   1.8584893e+01   5.4451236e-24
   1.8627750e+01   5.4094946e-24
   1.8670706e+01   5.3742356e-24
   1.8713761e+01   5.3392064e-24
   1.8756915e+01   5.3046230e-24
   1.8800168e+01   5.2703973e-24
   1.8843522e+01   5.2363925e-24
   1.8886975e+01   5.2028179e-24
   1.8930528e+01   5.1695894e-24
   1.8974182e+01   5.1365731e-24
   1.9017937e+01   5.1039722e-24
   1.9061792e+01   5.0717062e-24
   1.9105749e+01   5.0396441e-24
   1.9149807e+01   5.0079831e-24
   1.9193967e+01   4.9766462e-24
   1.9238228e+01   4.9455054e-24
   1.9282592e+01   4.9147520e-24
   1.9327057e+01   4.8843123e-24
   1.9371626e+01   4.8540611e-24
   1.9416297e+01   4.8241842e-24
   1.9461071e+01   4.7946111e-24
   1.9505948e+01   4.7652192e-24
   1.9550929e+01   4.7361889e-24
   1.9596014e+01   4.7074529e-24
   1.9641202e+01   4.6788913e-24
   1.9686495e+01   4.6506790e-24
   1.9731892e+01   4.6227517e-24
   1.9777394e+01   4.5949922e-24
   1.9823001e+01   4.5675704e-24
   1.9868713e+01   4.5404247e-24
   1.9914530e+01   4.5134404e-24
   1.9960454e+01   4.4867825e-24
   2.0006482e+01   4.4603923e-24
   2.0052618e+01   4.4341573e-24
   2.0098859e+01   4.4082379e-24
   2.0145207e+01   4.3825779e-24
   2.0191662e+01   4.3570673e-24
   2.0238224e+01   4.3318618e-24
   2.0284894e+01   4.3069078e-24
   2.0331671e+01   4.2820976e-24
   2.0378556e+01   4.2575824e-24
   2.0425549e+01   4.2333112e-24
   2.0472650e+01   4.2091782e-24
   2.0519861e+01   4.1853306e-24
   2.0567180e+01   4.1617196e-24
   2.0614608e+01   4.1382417e-24
   2.0662145e+01   4.1150398e-24
   2.0709792e+01   4.0920673e-24
   2.0757549e+01   4.0692231e-24
   2.0805416e+01   4.0466458e-24
   2.0853394e+01   4.0242910e-24
   2.0901482e+01   4.0020598e-24
   2.0949681e+01   3.9800867e-24
   2.0997991e+01   3.9583296e-24
   2.1046412e+01   3.9366915e-24
   2.1094945e+01   3.9153031e-24
   2.1143591e+01   3.8941243e-24
   2.1192348e+01   3.8730601e-24
   2.1241218e+01   3.8522375e-24
   2.1290200e+01   3.8316183e-24
   2.1339295e+01   3.8111095e-24
   2.1388504e+01   3.7908345e-24
   2.1437826e+01   3.7707570e-24
   2.1487262e+01   3.7507858e-24
   2.1536812e+01   3.7310409e-24
   2.1586476e+01   3.7114876e-24
   2.1636254e+01   3.6920368e-24
   2.1686148e+01   3.6728050e-24
   2.1736156e+01   3.6537593e-24
   2.1786280e+01   3.6348123e-24
   2.1836519e+01   3.6160773e-24
   2.1886874e+01   3.5975230e-24
   2.1937346e+01   3.5790639e-24
   2.1987933e+01   3.5608099e-24
   2.2038638e+01   3.5427315e-24
   2.2089459e+01   3.5247448e-24
   2.2140397e+01   3.5069567e-24
   2.2191453e+01   3.4893391e-24
   2.2242627e+01   3.4718100e-24
   2.2293919e+01   3.4544731e-24
   2.2345328e+01   3.4373018e-24
   2.2396857e+01   3.4202159e-24
   2.2448504e+01   3.4033161e-24
   2.2500271e+01   3.3865772e-24
   2.2552157e+01   3.3699206e-24
   2.2604162e+01   3.3534442e-24
   2.2656287e+01   3.3371242e-24
   2.2708533e+01   3.3208836e-24
   2.2760899e+01   3.3048175e-24
   2.2813386e+01   3.2889033e-24
   2.2865994e+01   3.2730658e-24
   2.2918723e+01   3.2573973e-24
   2.2971574e+01   3.2418765e-24
   2.3024546e+01   3.2264296e-24
   2.3077641e+01   3.2111464e-24
   2.3130858e+01   3.1960068e-24
   2.3184198e+01   3.1809385e-24
   2.3237661e+01   3.1660288e-24
   2.3291247e+01   3.1512587e-24
   2.3344957e+01   3.1365575e-24
   2.3398791e+01   3.1220098e-24
   2.3452748e+01   3.1075979e-24
   2.3506831e+01   3.0932526e-24
   2.3561038e+01   3.0790560e-24
   2.3615370e+01   3.0649914e-24
   2.3669827e+01   3.0509911e-24
   2.3724410e+01   3.0371349e-24
   2.3779118e+01   3.0234072e-24
   2.3833953e+01   3.0097414e-24
   2.3888914e+01   2.9962154e-24
   2.3944002e+01   2.9828143e-24
   2.3999217e+01   2.9694732e-24
   2.4054560e+01   2.9562674e-24
   2.4110030e+01   2.9431832e-24
   2.4165628e+01   2.9301568e-24
   2.4221354e+01   2.9172618e-24
   2.4277208e+01   2.9044849e-24
   2.4333192e+01   2.8917641e-24
   2.4389304e+01   2.8791704e-24
   2.4445546e+01   2.8666918e-24
   2.4501918e+01   2.8542674e-24
   2.4558420e+01   2.8419662e-24
   2.4615051e+01   2.8297771e-24
   2.4671814e+01   2.8176403e-24
   2.4728707e+01   2.8056231e-24
   2.4785732e+01   2.7937149e-24
   2.4842888e+01   2.7818573e-24
   2.4900176e+01   2.7701157e-24
   2.4957596e+01   2.7584803e-24
   2.5015148e+01   2.7468937e-24
   2.5072833e+01   2.7354196e-24
   2.5130652e+01   2.7240490e-24
   2.5188603e+01   2.7127256e-24
   2.5246688e+01   2.7015113e-24
   2.5304907e+01   2.6903978e-24
   2.5363261e+01   2.6793300e-24
   2.5421748e+01   2.6683681e-24
   2.5480371e+01   2.6575043e-24
   2.5539129e+01   2.6466847e-24
   2.5598023e+01   2.6359678e-24
   2.5657052e+01   2.6253466e-24
   2.5716217e+01   2.6147682e-24
   2.5775519e+01   2.6042894e-24
   2.5834957e+01   2.5939038e-24
   2.5894533e+01   2.5835597e-24
   2.5954246e+01   2.5733123e-24
   2.6014097e+01   2.5631557e-24
   2.6074085e+01   2.5530392e-24
   2.6134212e+01   2.5430166e-24
   2.6194478e+01   2.5330826e-24
   2.6254883e+01   2.5231873e-24
   2.6315427e+01   2.5133832e-24
   2.6376110e+01   2.5036655e-24
   2.6436934e+01   2.4939854e-24
   2.6497898e+01   2.4843937e-24
   2.6559002e+01   2.4748863e-24
   2.6620247e+01   2.4654152e-24
   2.6681634e+01   2.4560301e-24
   2.6743162e+01   2.4467272e-24
   2.6804832e+01   2.4374595e-24
   2.6866644e+01   2.4282752e-24
   2.6928599e+01   2.4191711e-24
   2.6990696e+01   2.4101012e-24
   2.7052937e+01   2.4011122e-24
   2.7115321e+01   2.3922016e-24
   2.7177849e+01   2.3833240e-24
   2.7240522e+01   2.3745251e-24
   2.7303338e+01   2.3658026e-24
   2.7366300e+01   2.3571121e-24
   2.7429407e+01   2.3484982e-24
   2.7492659e+01   2.3399587e-24
   2.7556058e+01   2.3314504e-24
   2.7619602e+01   2.3230163e-24
   2.7683293e+01   2.3146551e-24
   2.7747131e+01   2.3063239e-24
   2.7811116e+01   2.2980650e-24
   2.7875249e+01   2.2898772e-24
   2.7939529e+01   2.2817186e-24
   2.8003958e+01   2.2736301e-24
   2.8068536e+01   2.2656111e-24
   2.8133262e+01   2.2576204e-24
   2.8198137e+01   2.2496980e-24
   2.8263162e+01   2.2418433e-24
   2.8328338e+01   2.2340161e-24
   2.8393663e+01   2.2262553e-24
   2.8459139e+01   2.2185608e-24
   2.8524766e+01   2.2108928e-24
   2.8590544e+01   2.2032894e-24
   2.8656474e+01   2.1957508e-24
   2.8722556e+01   2.1882379e-24
   2.8788791e+01   2.1807879e-24
   2.8855178e+01   2.1734011e-24
   2.8921718e+01   2.1660394e-24
   2.8988412e+01   2.1587388e-24
   2.9055259e+01   2.1515000e-24
   2.9122261e+01   2.1442855e-24
   2.9189417e+01   2.1371304e-24
   2.9256728e+01   2.1300358e-24
   2.9324194e+01   2.1229648e-24
   2.9391816e+01   2.1159516e-24
   2.9459594e+01   2.1089976e-24
   2.9527528e+01   2.1020664e-24
   2.9595619e+01   2.0951915e-24
   2.9663866e+01   2.0883745e-24
   2.9732272e+01   2.0815796e-24
   2.9800834e+01   2.0748396e-24
   2.9869555e+01   2.0681561e-24
   2.9938435e+01   2.0614942e-24
   3.0007473e+01   2.0548856e-24
   3.0076670e+01   2.0483324e-24
   3.0146028e+01   2.0418001e-24
   3.0215544e+01   2.0353197e-24
   3.0285222e+01   2.0288935e-24
   3.0355060e+01   2.0224876e-24
   3.0425059e+01   2.0161322e-24
   3.0495219e+01   2.0098299e-24
   3.0565541e+01   2.0035473e-24
   3.0636026e+01   1.9973140e-24
   3.0706673e+01   1.9911325e-24
   3.0777482e+01   1.9849702e-24
   3.0848456e+01   1.9788559e-24
   3.0919592e+01   1.9727924e-24
   3.0990893e+01   1.9667475e-24
   3.1062358e+01   1.9607493e-24
   3.1133988e+01   1.9548009e-24
   3.1205784e+01   1.9488705e-24
   3.1277744e+01   1.9429856e-24
   3.1349871e+01   1.9371495e-24
   3.1422164e+01   1.9313310e-24
   3.1494624e+01   1.9255568e-24
   3.1567251e+01   1.9198303e-24
   3.1640045e+01   1.9141209e-24
   3.1713007e+01   1.9084547e-24
   3.1786138e+01   1.9028353e-24
   3.1859437e+01   1.8972324e-24
   3.1932905e+01   1.8916716e-24
   3.2006542e+01   1.8861567e-24
   3.2080350e+01   1.8806579e-24
   3.2154327e+01   1.8752001e-24
   3.2228475e+01   1.8697873e-24
   3.2302794e+01   1.8643901e-24
   3.2377285e+01   1.8590329e-24
   3.2451947e+01   1.8537197e-24
   3.2526782e+01   1.8484217e-24
   3.2601789e+01   1.8431628e-24
   3.2676969e+01   1.8379470e-24
   3.2752322e+01   1.8327459e-24
   3.2827849e+01   1.8275829e-24
   3.2903550e+01   1.8224623e-24
   3.2979426e+01   1.8173559e-24
   3.3055477e+01   1.8122867e-24
   3.3131703e+01   1.8072590e-24
   3.3208105e+01   1.8022452e-24
   3.3284683e+01   1.7972676e-24
   3.3361438e+01   1.7923306e-24
   3.3438370e+01   1.7874073e-24
   3.3515479e+01   1.7825192e-24
   3.3592766e+01   1.7776710e-24
   3.3670231e+01   1.7728361e-24
   3.3747875e+01   1.7680355e-24
   3.3825698e+01   1.7632741e-24
   3.3903700e+01   1.7585255e-24
   3.3981882e+01   1.7538105e-24
   3.4060245e+01   1.7491339e-24
   3.4138788e+01   1.7444697e-24
   3.4217512e+01   1.7398383e-24
   3.4296418e+01   1.7352446e-24
   3.4375506e+01   1.7306630e-24
   3.4454776e+01   1.7261134e-24
   3.4534229e+01   1.7216008e-24
   3.4613865e+01   1.7170999e-24
   3.4693685e+01   1.7126302e-24
   3.4773689e+01   1.7081969e-24
   3.4853877e+01   1.7037750e-24
   3.4934251e+01   1.6993835e-24
   3.5014809e+01   1.6950276e-24
   3.5095554e+01   1.6906829e-24
   3.5176484e+01   1.6863679e-24
   3.5257602e+01   1.6820878e-24
   3.5338906e+01   1.6778187e-24
   3.5420398e+01   1.6735784e-24
   3.5502077e+01   1.6693726e-24
   3.5583945e+01   1.6651773e-24
   3.5666002e+01   1.6610102e-24
   3.5748248e+01   1.6568769e-24
   3.5830684e+01   1.6527538e-24
   3.5913310e+01   1.6486584e-24
   3.5996126e+01   1.6445960e-24
   3.6079134e+01   1.6405437e-24
   3.6162332e+01   1.6365183e-24
   3.6245723e+01   1.6325254e-24
   3.6329306e+01   1.6285422e-24
   3.6413082e+01   1.6245854e-24
   3.6497050e+01   1.6206604e-24
   3.6581213e+01   1.6167450e-24
   3.6665569e+01   1.6128552e-24
   3.6750120e+01   1.6089968e-24
   3.6834867e+01   1.6051476e-24
   3.6919808e+01   1.6013234e-24
   3.7004945e+01   1.5975301e-24
   3.7090279e+01   1.5937457e-24
   3.7175810e+01   1.5899859e-24
   3.7261537e+01   1.5862562e-24
   3.7347463e+01   1.5825354e-24
   3.7433586e+01   1.5788384e-24
   3.7519908e+01   1.5751711e-24
   3.7606429e+01   1.5715124e-24
   3.7693150e+01   1.5678770e-24
   3.7780071e+01   1.5642708e-24
   3.7867192e+01   1.5606729e-24
   3.7954514e+01   1.5570978e-24
   3.8042037e+01   1.5535514e-24
   3.8129763e+01   1.5500131e-24
   3.8217690e+01   1.5464970e-24
   3.8305821e+01   1.5430091e-24
   3.8394154e+01   1.5395291e-24
   3.8482691e+01   1.5360709e-24
   3.8571433e+01   1.5326403e-24
   3.8660379e+01   1.5292174e-24
   3.8749530e+01   1.5258158e-24
   3.8838886e+01   1.5224413e-24
   3.8928449e+01   1.5190744e-24
   3.9018219e+01   1.5157282e-24
   3.9108195e+01   1.5124087e-24
   3.9198379e+01   1.5090965e-24
   3.9288770e+01   1.5058046e-24
   3.9379371e+01   1.5025390e-24
   3.9470180e+01   1.4992805e-24
   3.9561198e+01   1.4960418e-24
   3.9652427e+01   1.4928289e-24
   3.9743865e+01   1.4896230e-24
   3.9835515e+01   1.4864363e-24
   3.9927376e+01   1.4832751e-24
   4.0019449e+01   1.4801207e-24
   4.0111734e+01   1.4769851e-24
   4.0204232e+01   1.4738745e-24
   4.0296943e+01   1.4707705e-24
   4.0389868e+01   1.4676849e-24
   4.0483008e+01   1.4646239e-24
   4.0576362e+01   1.4615693e-24
   4.0669931e+01   1.4585327e-24
   4.0763716e+01   1.4555203e-24
   4.0857718e+01   1.4525142e-24
   4.0951936e+01   1.4495256e-24
   4.1046372e+01   1.4465608e-24
   4.1141025e+01   1.4436021e-24
   4.1235896e+01   1.4406606e-24
   4.1330987e+01   1.4377425e-24
   4.1426296e+01   1.4348303e-24
   4.1521826e+01   1.4319349e-24
   4.1617575e+01   1.4290625e-24
   4.1713546e+01   1.4261959e-24
   4.1809737e+01   1.4233456e-24
   4.1906151e+01   1.4205181e-24
   4.2002787e+01   1.4176961e-24
   4.2099646e+01   1.4148902e-24
   4.2196728e+01   1.4121065e-24
   4.2294034e+01   1.4093284e-24
   4.2391564e+01   1.4065659e-24
   4.2489319e+01   1.4038253e-24
   4.2587300e+01   1.4010900e-24
   4.2685507e+01   1.3983701e-24
   4.2783940e+01   1.3956717e-24
   4.2882600e+01   1.3929786e-24
   4.2981488e+01   1.3903003e-24
   4.3080603e+01   1.3876434e-24
   4.3179947e+01   1.3849914e-24
   4.3279521e+01   1.3823541e-24
   4.3379324e+01   1.3797377e-24
   4.3479357e+01   1.3771263e-24
   4.3579620e+01   1.3745291e-24
   4.3680115e+01   1.3719524e-24
   4.3780842e+01   1.3693806e-24
   4.3881801e+01   1.3668228e-24
   4.3982993e+01   1.3642851e-24
   4.4084418e+01   1.3617522e-24
   4.4186077e+01   1.3592329e-24
   4.4287970e+01   1.3567335e-24
   4.4390099e+01   1.3542388e-24
   4.4492463e+01   1.3517573e-24
   4.4595062e+01   1.3492954e-24
   4.4697899e+01   1.3468381e-24
   4.4800973e+01   1.3443937e-24
   4.4904284e+01   1.3419686e-24
   4.5007834e+01   1.3395479e-24
   4.5111622e+01   1.3371400e-24
   4.5215650e+01   1.3347510e-24
   4.5319918e+01   1.3323663e-24
   4.5424426e+01   1.3299940e-24
   4.5529175e+01   1.3276404e-24
   4.5634165e+01   1.3252910e-24
   4.5739398e+01   1.3229537e-24
   4.5844873e+01   1.3206349e-24
   4.5950592e+01   1.3183201e-24
   4.6056554e+01   1.3160172e-24
   4.6162761e+01   1.3137324e-24
   4.6269213e+01   1.3114516e-24
   4.6375910e+01   1.3091824e-24
   4.6482853e+01   1.3069310e-24
   4.6590043e+01   1.3046835e-24
   4.6697480e+01   1.3024474e-24
   4.6805165e+01   1.3002288e-24
   4.6913098e+01   1.2980140e-24
   4.7021280e+01   1.2958103e-24
   4.7129711e+01   1.2936239e-24
   4.7238393e+01   1.2914412e-24
   4.7347325e+01   1.2892694e-24
   4.7456508e+01   1.2871145e-24
   4.7565943e+01   1.2849633e-24
   4.7675631e+01   1.2828227e-24
   4.7785571e+01   1.2806989e-24
   4.7895765e+01   1.2785786e-24
   4.8006213e+01   1.2764687e-24
   4.8116916e+01   1.2743753e-24
   4.8227874e+01   1.2722853e-24
   4.8339087e+01   1.2702055e-24
   4.8450558e+01   1.2681419e-24
   4.8562285e+01   1.2660817e-24
   4.8674270e+01   1.2640315e-24
   4.8786513e+01   1.2619972e-24
   4.8899015e+01   1.2599662e-24
   4.9011777e+01   1.2579450e-24
   4.9124798e+01   1.2559395e-24
   4.9238081e+01   1.2539372e-24
   4.9351624e+01   1.2519445e-24
   4.9465429e+01   1.2499672e-24
   4.9579497e+01   1.2479931e-24
   4.9693828e+01   1.2460283e-24
   4.9808422e+01   1.2440788e-24
   4.9923280e+01   1.2421324e-24
   5.0038404e+01   1.2401950e-24
   5.0153793e+01   1.2382727e-24
   5.0269448e+01   1.2363535e-24
   5.0385370e+01   1.2344431e-24
   5.0501559e+01   1.2325475e-24
   5.0618016e+01   1.2306549e-24
   5.0734741e+01   1.2287710e-24
   5.0851736e+01   1.2269017e-24
   5.0969000e+01   1.2250353e-24
   5.1086535e+01   1.2231774e-24
   5.1204341e+01   1.2213339e-24
   5.1322419e+01   1.2194933e-24
   5.1440769e+01   1.2176609e-24
   5.1559392e+01   1.2158427e-24
   5.1678288e+01   1.2140273e-24
   5.1797458e+01   1.2122200e-24
   5.1916904e+01   1.2104268e-24
   5.2036625e+01   1.2086362e-24
   5.2156621e+01   1.2068536e-24
   5.2276895e+01   1.2050848e-24
   5.2397446e+01   1.2033185e-24
   5.2518275e+01   1.2015601e-24
   5.2639382e+01   1.1998153e-24
   5.2760769e+01   1.1980731e-24
   5.2882436e+01   1.1963385e-24
   5.3004383e+01   1.1946173e-24
   5.3126612e+01   1.1928986e-24
   5.3249122e+01   1.1911873e-24
   5.3371915e+01   1.1894893e-24
   5.3494991e+01   1.1877937e-24
   5.3618351e+01   1.1861054e-24
   5.3741995e+01   1.1844302e-24
   5.3865925e+01   1.1827574e-24
   5.3990140e+01   1.1810917e-24
   5.4114642e+01   1.1794388e-24
   5.4239430e+01   1.1777883e-24
   5.4364507e+01   1.1761448e-24
   5.4489872e+01   1.1745140e-24
   5.4615526e+01   1.1728854e-24
   5.4741470e+01   1.1712637e-24
   5.4867704e+01   1.1696546e-24
   5.4994229e+01   1.1680476e-24
   5.5121046e+01   1.1664473e-24
   5.5248156e+01   1.1648594e-24
   5.5375559e+01   1.1632736e-24
   5.5503255e+01   1.1616944e-24
   5.5631246e+01   1.1601274e-24
   5.5759532e+01   1.1585625e-24
   5.5888114e+01   1.1570041e-24
   5.6016992e+01   1.1554576e-24
   5.6146168e+01   1.1539132e-24
   5.6275642e+01   1.1523751e-24
   5.6405414e+01   1.1508489e-24
   5.6535485e+01   1.1493246e-24
   5.6665856e+01   1.1478066e-24
   5.6796528e+01   1.1463002e-24
   5.6927501e+01   1.1447958e-24
   5.7058777e+01   1.1432974e-24
   5.7190355e+01   1.1418106e-24
   5.7322236e+01   1.1403257e-24
   5.7454421e+01   1.1388467e-24
   5.7586912e+01   1.1373791e-24
   5.7719708e+01   1.1359134e-24
   5.7852810e+01   1.1344534e-24
   5.7986219e+01   1.1330047e-24
   5.8119935e+01   1.1315579e-24
   5.8253960e+01   1.1301166e-24
   5.8388294e+01   1.1286865e-24
   5.8522938e+01   1.1272582e-24
   5.8657893e+01   1.1258355e-24
   5.8793158e+01   1.1244236e-24
   5.8928736e+01   1.1230136e-24
   5.9064626e+01   1.1216090e-24
   5.9200829e+01   1.1202151e-24
   5.9337347e+01   1.1188231e-24
   5.9474179e+01   1.1174363e-24
   5.9611327e+01   1.1160602e-24
   5.9748791e+01   1.1146857e-24
   5.9886572e+01   1.1133165e-24
   6.0024671e+01   1.1119578e-24
   6.0163089e+01   1.1106008e-24
   6.0301825e+01   1.1092488e-24
   6.0440882e+01   1.1079073e-24
   6.0580259e+01   1.1065674e-24
   6.0719957e+01   1.1052324e-24
   6.0859978e+01   1.1039078e-24
   6.1000322e+01   1.1025847e-24
   6.1140989e+01   1.1012665e-24
   6.1281980e+01   1.0999584e-24
   6.1423297e+01   1.0986519e-24
   6.1564940e+01   1.0973502e-24
   6.1706909e+01   1.0960585e-24
   6.1849206e+01   1.0947683e-24
   6.1991830e+01   1.0934827e-24
   6.2134784e+01   1.0922071e-24
   6.2278067e+01   1.0909330e-24
   6.2421681e+01   1.0896634e-24
   6.2565626e+01   1.0884036e-24
   6.2709903e+01   1.0871453e-24
   6.2854512e+01   1.0858915e-24
   6.2999455e+01   1.0846473e-24
   6.3144732e+01   1.0834045e-24
   6.3290345e+01   1.0821662e-24
   6.3436293e+01   1.0809373e-24
   6.3582577e+01   1.0797099e-24
   6.3729199e+01   1.0784868e-24
   6.3876159e+01   1.0772731e-24
   6.4023458e+01   1.0760608e-24
   6.4171097e+01   1.0748526e-24
   6.4319076e+01   1.0736538e-24
   6.4467396e+01   1.0724564e-24
   6.4616058e+01   1.0712630e-24
   6.4765063e+01   1.0700789e-24
   6.4914412e+01   1.0688961e-24
   6.5064105e+01   1.0677173e-24
   6.5214144e+01   1.0665476e-24
   6.5364528e+01   1.0653792e-24
   6.5515259e+01   1.0642147e-24
   6.5666338e+01   1.0630593e-24
   6.5817765e+01   1.0619051e-24
   6.5969541e+01   1.0607548e-24
   6.6121667e+01   1.0596133e-24
   6.6274144e+01   1.0584731e-24
   6.6426973e+01   1.0573367e-24
   6.6580154e+01   1.0562091e-24
   6.6733688e+01   1.0550827e-24
   6.6887577e+01   1.0539600e-24
   6.7041820e+01   1.0528460e-24
   6.7196419e+01   1.0517332e-24
   6.7351374e+01   1.0506240e-24
   6.7506687e+01   1.0495235e-24
   6.7662358e+01   1.0484240e-24
   6.7818388e+01   1.0473282e-24
   6.7974778e+01   1.0462408e-24
   6.8131528e+01   1.0451546e-24
   6.8288640e+01   1.0440719e-24
   6.8446114e+01   1.0429975e-24
   6.8603951e+01   1.0419243e-24
   6.8762153e+01   1.0408545e-24
   6.8920719e+01   1.0397930e-24
   6.9079650e+01   1.0387327e-24
   6.9238949e+01   1.0376756e-24
   6.9398614e+01   1.0366268e-24
   6.9558648e+01   1.0355790e-24
   6.9719051e+01   1.0345346e-24
   6.9879823e+01   1.0334983e-24
   7.0040967e+01   1.0324630e-24
   7.0202482e+01   1.0314309e-24
   7.0364369e+01   1.0304069e-24
   7.0526630e+01   1.0293839e-24
   7.0689265e+01   1.0283640e-24
   7.0852275e+01   1.0273522e-24
   7.1015661e+01   1.0263413e-24
   7.1179423e+01   1.0253335e-24
   7.1343564e+01   1.0243336e-24
   7.1508083e+01   1.0233347e-24
   7.1672981e+01   1.0223388e-24
   7.1838259e+01   1.0213507e-24
   7.2003919e+01   1.0203636e-24
   7.2169960e+01   1.0193794e-24
   7.2336385e+01   1.0184030e-24
   7.2503193e+01   1.0174275e-24
   7.2670386e+01   1.0164549e-24
   7.2837964e+01   1.0154899e-24
   7.3005929e+01   1.0145259e-24
   7.3174282e+01   1.0135647e-24
   7.3343022e+01   1.0126111e-24
   7.3512152e+01   1.0116584e-24
   7.3681671e+01   1.0107085e-24
   7.3851582e+01   1.0097661e-24
   7.4021884e+01   1.0088246e-24
   7.4192579e+01   1.0078858e-24
   7.4363668e+01   1.0069544e-24
   7.4535151e+01   1.0060239e-24
   7.4707029e+01   1.0050961e-24
   7.4879304e+01   1.0041756e-24
   7.5051977e+01   1.0032560e-24
   7.5225047e+01   1.0023390e-24
   7.5398517e+01   1.0014293e-24
   7.5572386e+01   1.0005204e-24
   7.5746657e+01   9.9961410e-25
   7.5921329e+01   9.9871502e-25
   7.6096404e+01   9.9781674e-25
   7.6271883e+01   9.9692098e-25
   7.6447767e+01   9.9603239e-25
   7.6624056e+01   9.9514459e-25
   7.6800751e+01   9.9425925e-25
   7.6977855e+01   9.9338102e-25
   7.7155366e+01   9.9250356e-25
   7.7333287e+01   9.9162851e-25
   7.7511618e+01   9.9076050e-25
   7.7690361e+01   9.8989325e-25
   7.7869515e+01   9.8902837e-25
   7.8049083e+01   9.8817047e-25
   7.8229065e+01   9.8731330e-25
   7.8409461e+01   9.8645846e-25
   7.8590274e+01   9.8561054e-25
   7.8771504e+01   9.8476334e-25
   7.8953152e+01   9.8391842e-25
   7.9135218e+01   9.8308035e-25
   7.9317705e+01   9.8224300e-25
   7.9500612e+01   9.8140788e-25
   7.9683941e+01   9.8057955e-25
   7.9867693e+01   9.7975193e-25
   8.0051868e+01   9.7892649e-25
   8.0236468e+01   9.7810780e-25
   8.0421494e+01   9.7728979e-25
   8.0606947e+01   9.7647392e-25
   8.0792827e+01   9.7566474e-25
   8.0979136e+01   9.7485623e-25
   8.1165874e+01   9.7404982e-25
   8.1353044e+01   9.7325005e-25
   8.1540644e+01   9.7245094e-25
   8.1728678e+01   9.7165388e-25
   8.1917145e+01   9.7086341e-25
   8.2106046e+01   9.7007358e-25
   8.2295383e+01   9.6928578e-25
   8.2485157e+01   9.6850450e-25
   8.2675369e+01   9.6772386e-25
   8.2866019e+01   9.6694519e-25
   8.3057108e+01   9.6617301e-25
   8.3248639e+01   9.6540145e-25
   8.3440611e+01   9.6463183e-25
   8.3633025e+01   9.6386864e-25
   8.3825884e+01   9.6310606e-25
   8.4019187e+01   9.6234539e-25
   8.4212936e+01   9.6159110e-25
   8.4407131e+01   9.6083741e-25
   8.4601775e+01   9.6008558e-25
   8.4796867e+01   9.5934010e-25
   8.4992409e+01   9.5859520e-25
   8.5188403e+01   9.5785213e-25
   8.5384848e+01   9.5711536e-25
   8.5581746e+01   9.5637916e-25
   8.5779098e+01   9.5564475e-25
   8.5976905e+01   9.5491661e-25
   8.6175169e+01   9.5418902e-25
   8.6373889e+01   9.5346319e-25
   8.6573068e+01   9.5274358e-25
   8.6772706e+01   9.5202451e-25
   8.6972805e+01   9.5130717e-25
   8.7173365e+01   9.5059601e-25
   8.7374387e+01   9.4988539e-25
   8.7575873e+01   9.4917645e-25
   8.7777824e+01   9.4847366e-25
   8.7980240e+01   9.4777139e-25
   8.8183123e+01   9.4707078e-25
   8.8386474e+01   9.4637627e-25
   8.8590294e+01   9.4568228e-25
   8.8794584e+01   9.4498991e-25
   8.8999345e+01   9.4430361e-25
   8.9204578e+01   9.4361781e-25
   8.9410285e+01   9.4293361e-25
   8.9616465e+01   9.4225545e-25
   8.9823122e+01   9.4157777e-25
   9.0030254e+01   9.4090166e-25
   9.0237865e+01   9.4023155e-25
   9.0445954e+01   9.3956192e-25
   9.0654523e+01   9.3889382e-25
   9.0863573e+01   9.3823170e-25
   9.1073105e+01   9.3757004e-25
   9.1283120e+01   9.3690989e-25
   9.1493620e+01   9.3625568e-25
   9.1704605e+01   9.3560193e-25
   9.1916077e+01   9.3494965e-25
   9.2128036e+01   9.3430329e-25
   9.2340484e+01   9.3365737e-25
   9.2553422e+01   9.3301291e-25
   9.2766850e+01   9.3237432e-25
   9.2980771e+01   9.3173618e-25
   9.3195186e+01   9.3109945e-25
   9.3410095e+01   9.3046858e-25
   9.3625499e+01   9.2983814e-25
   9.3841400e+01   9.2920909e-25
   9.4057799e+01   9.2858588e-25
   9.4274697e+01   9.2796308e-25
   9.4492095e+01   9.2734165e-25
   9.4709995e+01   9.2672602e-25
   9.4928397e+01   9.2611081e-25
   9.5147302e+01   9.2549693e-25
   9.5366713e+01   9.2488884e-25
   9.5586629e+01   9.2428115e-25
   9.5807053e+01   9.2367477e-25
   9.6027984e+01   9.2307416e-25
   9.6249426e+01   9.2247394e-25
   9.6471378e+01   9.2187500e-25
   9.6693841e+01   9.2128181e-25
   9.6916818e+01   9.2068900e-25
   9.7140309e+01   9.2009745e-25
   9.7364315e+01   9.1951162e-25
   9.7588838e+01   9.1892617e-25
   9.7813879e+01   9.1834195e-25
   9.8039438e+01   9.1776345e-25
   9.8265518e+01   9.1718530e-25
   9.8492119e+01   9.1660837e-25
   9.8719243e+01   9.1603713e-25
   9.8946890e+01   9.1546624e-25
   9.9175062e+01   9.1489654e-25
   9.9403761e+01   9.1433252e-25
   9.9632987e+01   9.1376884e-25
   9.9862741e+01   9.1320633e-25
   1.0009303e+02   9.1264947e-25
   1.0032384e+02   9.1209296e-25
   1.0055519e+02   9.1153759e-25
   1.0078707e+02   9.1098786e-25
   1.0101948e+02   9.1043847e-25
   1.0125244e+02   9.0989019e-25
   1.0148593e+02   9.0934755e-25
   1.0171995e+02   9.0880523e-25
   1.0195452e+02   9.0826400e-25
   1.0218963e+02   9.0772840e-25
   1.0242528e+02   9.0719312e-25
   1.0266147e+02   9.0665891e-25
   1.0289821e+02   9.0613031e-25
   1.0313549e+02   9.0560202e-25
   1.0337332e+02   9.0507478e-25
   1.0361170e+02   9.0455314e-25
   1.0385063e+02   9.0403180e-25
   1.0409011e+02   9.0351150e-25
   1.0433015e+02   9.0299679e-25
   1.0457073e+02   9.0248237e-25
   1.0481187e+02   9.0196897e-25
   1.0505357e+02   9.0146115e-25
   1.0529582e+02   9.0095361e-25
   1.0553864e+02   9.0044707e-25
   1.0578201e+02   8.9994611e-25
   1.0602594e+02   8.9944543e-25
   1.0627044e+02   8.9894571e-25
   1.0651550e+02   8.9845157e-25
   1.0676113e+02   8.9795771e-25
   1.0700732e+02   8.9746479e-25
   1.0725408e+02   8.9697745e-25
   1.0750141e+02   8.9649037e-25
   1.0774931e+02   8.9600422e-25
   1.0799778e+02   8.9552364e-25
   1.0824682e+02   8.9504332e-25
   1.0849644e+02   8.9456391e-25
   1.0874663e+02   8.9409006e-25
   1.0899740e+02   8.9361647e-25
   1.0924875e+02   8.9314377e-25
   1.0950068e+02   8.9267664e-25
   1.0975319e+02   8.9220975e-25
   1.1000628e+02   8.9174373e-25
   1.1025996e+02   8.9128328e-25
   1.1051422e+02   8.9082307e-25
   1.1076906e+02   8.9036371e-25
   1.1102450e+02   8.8990992e-25
   1.1128052e+02   8.8945637e-25
   1.1153714e+02   8.8900364e-25
   1.1179434e+02   8.8855649e-25
   1.1205214e+02   8.8810957e-25
   1.1231053e+02   8.8766346e-25
   1.1256952e+02   8.8722292e-25
   1.1282911e+02   8.8678261e-25
   1.1308929e+02   8.8634309e-25
   1.1335008e+02   8.8590915e-25
   1.1361146e+02   8.8547543e-25
   1.1387345e+02   8.8504249e-25
   1.1413605e+02   8.8461513e-25
   1.1439924e+02   8.8418798e-25
   1.1466305e+02   8.8376159e-25
   1.1492746e+02   8.8334079e-25
   1.1519249e+02   8.8292019e-25
   1.1545812e+02   8.8250034e-25
   1.1572437e+02   8.8208609e-25
   1.1599123e+02   8.8167203e-25
   1.1625871e+02   8.8125870e-25
   1.1652680e+02   8.8085098e-25
   1.1679551e+02   8.8044345e-25
   1.1706484e+02   8.8003663e-25
   1.1733480e+02   8.7963542e-25
   1.1760537e+02   8.7923440e-25
   1.1787657e+02   8.7883407e-25
   1.1814839e+02   8.7843938e-25
   1.1842085e+02   8.7804486e-25
   1.1869392e+02   8.7765101e-25
   1.1896763e+02   8.7726281e-25
   1.1924197e+02   8.7687477e-25
   1.1951695e+02   8.7648740e-25
   1.1979255e+02   8.7610568e-25
   1.2006880e+02   8.7572413e-25
   1.2034568e+02   8.7534321e-25
   1.2062319e+02   8.7496797e-25
   1.2090135e+02   8.7459288e-25
   1.2118015e+02   8.7421842e-25
   1.2145959e+02   8.7384965e-25
   1.2173968e+02   8.7348103e-25
   1.2202041e+02   8.7311301e-25
   1.2230179e+02   8.7275070e-25
   1.2258382e+02   8.7238854e-25
   1.2286650e+02   8.7202696e-25
   1.2314983e+02   8.7167111e-25
   1.2343382e+02   8.7131540e-25
   1.2371846e+02   8.7096026e-25
   1.2400375e+02   8.7061085e-25
   1.2428971e+02   8.7026159e-25
   1.2457632e+02   8.6991288e-25
   1.2486359e+02   8.6956993e-25
   1.2515153e+02   8.6922711e-25
   1.2544013e+02   8.6888483e-25
   1.2572940e+02   8.6854833e-25
   1.2601933e+02   8.6821195e-25
   1.2630993e+02   8.6787610e-25
   1.2660120e+02   8.6754605e-25
   1.2689314e+02   8.6721612e-25
   1.2718576e+02   8.6688669e-25
   1.2747905e+02   8.6656308e-25
   1.2777302e+02   8.6623959e-25
   1.2806767e+02   8.6591660e-25
   1.2836299e+02   8.6559944e-25
   1.2865900e+02   8.6528240e-25
   1.2895569e+02   8.6496583e-25
   1.2925306e+02   8.6465512e-25
   1.2955112e+02   8.6434453e-25
   1.2984986e+02   8.6403439e-25
   1.3014930e+02   8.6373014e-25
   1.3044942e+02   8.6342600e-25
   1.3075024e+02   8.6312230e-25
   1.3105175e+02   8.6282451e-25
   1.3135396e+02   8.6252682e-25
   1.3165686e+02   8.6222956e-25
   1.3196046e+02   8.6193824e-25
   1.3226476e+02   8.6164701e-25
   1.3256977e+02   8.6135620e-25
   1.3287547e+02   8.6107135e-25
   1.3318189e+02   8.6078660e-25
   1.3348901e+02   8.6050224e-25
   1.3379683e+02   8.6022387e-25
   1.3410537e+02   8.5994559e-25
   1.3441462e+02   8.5966769e-25
   1.3472458e+02   8.5939581e-25
   1.3503525e+02   8.5912402e-25
   1.3534665e+02   8.5885259e-25
   1.3565876e+02   8.5858722e-25
   1.3597159e+02   8.5832192e-25
   1.3628514e+02   8.5805697e-25
   1.3659941e+02   8.5779810e-25
   1.3691441e+02   8.5753931e-25
   1.3723014e+02   8.5728086e-25
   1.3754659e+02   8.5702851e-25
   1.3786377e+02   8.5677624e-25
   1.3818169e+02   8.5652429e-25
   1.3850034e+02   8.5627848e-25
   1.3881972e+02   8.5603274e-25
   1.3913984e+02   8.5578730e-25
   1.3946070e+02   8.5554804e-25
   1.3978229e+02   8.5530884e-25
   1.4010463e+02   8.5506994e-25
   1.4042772e+02   8.5483724e-25
   1.4075154e+02   8.5460460e-25
   1.4107612e+02   8.5437224e-25
   1.4140144e+02   8.5414612e-25
   1.4172751e+02   8.5392006e-25
   1.4205434e+02   8.5369426e-25
   1.4238192e+02   8.5347474e-25
   1.4271025e+02   8.5325527e-25
   1.4303934e+02   8.5303605e-25
   1.4336919e+02   8.5282314e-25
   1.4369980e+02   8.5261028e-25
   1.4403117e+02   8.5239765e-25
   1.4436331e+02   8.5219137e-25
   1.4469621e+02   8.5198514e-25
   1.4502988e+02   8.5177912e-25
   1.4536432e+02   8.5157950e-25
   1.4569954e+02   8.5137991e-25
   1.4603552e+02   8.5118053e-25
   1.4637228e+02   8.5098757e-25
   1.4670981e+02   8.5079466e-25
   1.4704813e+02   8.5060193e-25
   1.4738722e+02   8.5041566e-25
   1.4772710e+02   8.5022944e-25
   1.4806776e+02   8.5004338e-25
   1.4840920e+02   8.4986383e-25
   1.4875144e+02   8.4968432e-25
   1.4909446e+02   8.4950496e-25
   1.4943827e+02   8.4933214e-25
   1.4978288e+02   8.4915937e-25
   1.5012828e+02   8.4898672e-25
   1.5047447e+02   8.4882067e-25
   1.5082147e+02   8.4865465e-25
   1.5116927e+02   8.4848875e-25
   1.5151786e+02   8.4832948e-25
   1.5186726e+02   8.4817025e-25
   1.5221747e+02   8.4801112e-25
   1.5256849e+02   8.4785866e-25
   1.5292031e+02   8.4770623e-25
   1.5327295e+02   8.4755389e-25
   1.5362639e+02   8.4740827e-25
   1.5398066e+02   8.4726268e-25
   1.5433574e+02   8.4711716e-25
   1.5469164e+02   8.4697841e-25
   1.5504836e+02   8.4683968e-25
   1.5540590e+02   8.4670100e-25
   1.5576427e+02   8.4656914e-25
   1.5612346e+02   8.4643730e-25
   1.5648348e+02   8.4630550e-25
   1.5684434e+02   8.4618057e-25
   1.5720602e+02   8.4605564e-25
   1.5756854e+02   8.4593075e-25
   1.5793189e+02   8.4581276e-25
   1.5829608e+02   8.4569479e-25
   1.5866112e+02   8.4557684e-25
   1.5902699e+02   8.4546582e-25
   1.5939371e+02   8.4535483e-25
   1.5976127e+02   8.4524386e-25
   1.6012968e+02   8.4513984e-25
   1.6049894e+02   8.4503586e-25
   1.6086905e+02   8.4493190e-25
   1.6124002e+02   8.4483491e-25
   1.6161184e+02   8.4473798e-25
   1.6198452e+02   8.4464105e-25
   1.6235805e+02   8.4455114e-25
   1.6273245e+02   8.4446128e-25
   1.6310772e+02   8.4437143e-25
   1.6348384e+02   8.4428861e-25
   1.6386084e+02   8.4420586e-25
   1.6423870e+02   8.4412312e-25
   1.6461744e+02   8.4404743e-25
   1.6499705e+02   8.4397183e-25
   1.6537753e+02   8.4389623e-25
   1.6575889e+02   8.4382771e-25
   1.6614114e+02   8.4375929e-25
   1.6652426e+02   8.4369087e-25
   1.6690826e+02   8.4362955e-25
   1.6729316e+02   8.4356834e-25
   1.6767894e+02   8.4350714e-25
   1.6806560e+02   8.4345307e-25
   1.6845316e+02   8.4339911e-25
   1.6884162e+02   8.4334517e-25
   1.6923097e+02   8.4329836e-25
   1.6962122e+02   8.4325170e-25
   1.7001236e+02   8.4320505e-25
   1.7040441e+02   8.4316556e-25
   1.7079737e+02   8.4312623e-25
   1.7119123e+02   8.4308690e-25
   1.7158600e+02   8.4305477e-25
   1.7198168e+02   8.4302281e-25
   1.7237827e+02   8.4299085e-25
   1.7277577e+02   8.4296612e-25
   1.7317419e+02   8.4294157e-25
   1.7357354e+02   8.4291702e-25
   1.7397380e+02   8.4289971e-25
   1.7437498e+02   8.4288261e-25
   1.7477709e+02   8.4286551e-25
   1.7518013e+02   8.4285569e-25
   1.7558410e+02   8.4284608e-25
   1.7598899e+02   8.4283647e-25
   1.7639483e+02   8.4283416e-25
   1.7680159e+02   8.4283209e-25
   1.7720930e+02   8.4283001e-25
   1.7761795e+02   8.4283526e-25
   1.7802753e+02   8.4284077e-25
   1.7843807e+02   8.4284627e-25
   1.7884955e+02   8.4285912e-25
   1.7926198e+02   8.4287225e-25
   1.7967535e+02   8.4288537e-25
   1.8008969e+02   8.4290587e-25
   1.8050498e+02   8.4292666e-25
   1.8092122e+02   8.4294745e-25
   1.8133843e+02   8.4297564e-25
   1.8175659e+02   8.4300414e-25
   1.8217573e+02   8.4303264e-25
   1.8259583e+02   8.4306857e-25
   1.8301689e+02   8.4310483e-25
   1.8343893e+02   8.4314108e-25
   1.8386194e+02   8.4318480e-25
   1.8428593e+02   8.4322886e-25
   1.8471089e+02   8.4327292e-25
   1.8513684e+02   8.4332446e-25
   1.8556377e+02   8.4337637e-25
   1.8599168e+02   8.4342828e-25
   1.8642058e+02   8.4348771e-25
   1.8685046e+02   8.4354751e-25
   1.8728134e+02   8.4360732e-25
   1.8771321e+02   8.4367467e-25
   1.8814608e+02   8.4374242e-25
   1.8857995e+02   8.4381017e-25
   1.8901482e+02   8.4388550e-25
   1.8945068e+02   8.4396125e-25
   1.8988756e+02   8.4403700e-25
   1.9032544e+02   8.4412035e-25
   1.9076433e+02   8.4420414e-25
   1.9120424e+02   8.4428794e-25
   1.9164516e+02   8.4437936e-25
   1.9208709e+02   8.4447125e-25
   1.9253005e+02   8.4456314e-25
   1.9297402e+02   8.4466270e-25
   1.9341902e+02   8.4476273e-25
   1.9386505e+02   8.4486277e-25
   1.9431210e+02   8.4497050e-25
   1.9476019e+02   8.4507873e-25
   1.9520930e+02   8.4518697e-25
   1.9565946e+02   8.4530294e-25
   1.9611065e+02   8.4541942e-25
   1.9656288e+02   8.4553591e-25
   1.9701616e+02   8.4566016e-25
   1.9747048e+02   8.4578494e-25
   1.9792585e+02   8.4590974e-25
   1.9838227e+02   8.4604232e-25
   1.9883974e+02   8.4617546e-25
   1.9929826e+02   8.4630862e-25
   1.9975785e+02   8.4644959e-25
   2.0021849e+02   8.4659114e-25
   2.0068020e+02   8.4673272e-25
   2.0114297e+02   8.4688213e-25
   2.0160680e+02   8.4703215e-25
   2.0207171e+02   8.4718220e-25
   2.0253769e+02   8.4734011e-25
   2.0300474e+02   8.4749865e-25
   2.0347287e+02   8.4765722e-25
   2.0394208e+02   8.4782369e-25
   2.0441237e+02   8.4799081e-25
   2.0488375e+02   8.4815796e-25
   2.0535621e+02   8.4833304e-25
   2.0582977e+02   8.4850879e-25
   2.0630441e+02   8.4868459e-25
   2.0678015e+02   8.4886833e-25
   2.0725699e+02   8.4905278e-25
   2.0773492e+02   8.4923727e-25
   2.0821396e+02   8.4942974e-25
   2.0869411e+02   8.4962294e-25
   2.0917536e+02   8.4981618e-25
   2.0965772e+02   8.5001743e-25
   2.1014119e+02   8.5021944e-25
   2.1062578e+02   8.5042149e-25
   2.1111148e+02   8.5063159e-25
   2.1159831e+02   8.5084246e-25
   2.1208625e+02   8.5105339e-25
   2.1257533e+02   8.5127239e-25
   2.1306553e+02   8.5149219e-25
   2.1355686e+02   8.5171205e-25
   2.1404932e+02   8.5194001e-25
   2.1454292e+02   8.5216880e-25
   2.1503766e+02   8.5239765e-25
   2.1553354e+02   8.5263463e-25
   2.1603056e+02   8.5287247e-25
   2.1652873e+02   8.5311037e-25
   2.1702804e+02   8.5335643e-25
   2.1752851e+02   8.5360338e-25
   2.1803013e+02   8.5385040e-25
   2.1853291e+02   8.5410561e-25
   2.1903685e+02   8.5436172e-25
   2.1954195e+02   8.5461792e-25
   2.2004822e+02   8.5488233e-25
   2.2055565e+02   8.5514768e-25
   2.2106425e+02   8.5541311e-25
   2.2157403e+02   8.5568680e-25
   2.2208498e+02   8.5596144e-25
   2.2259711e+02   8.5623618e-25
   2.2311042e+02   8.5651919e-25
   2.2362491e+02   8.5680320e-25
   2.2414060e+02   8.5708730e-25
   2.2465747e+02   8.5737970e-25
   2.2517553e+02   8.5767313e-25
   2.2569478e+02   8.5796666e-25
   2.2621524e+02   8.5826853e-25
   2.2673689e+02   8.5857144e-25
   2.2725975e+02   8.5887447e-25
   2.2778381e+02   8.5918585e-25
   2.2830908e+02   8.5949832e-25
   2.2883556e+02   8.5981091e-25
   2.2936326e+02   8.6013188e-25
   2.2989217e+02   8.6045397e-25
   2.3042231e+02   8.6077618e-25
   2.3095366e+02   8.6110680e-25
   2.3148624e+02   8.6143857e-25
   2.3202005e+02   8.6177047e-25
   2.3255509e+02   8.6211082e-25
   2.3309137e+02   8.6245234e-25
   2.3362888e+02   8.6279400e-25
   2.3416763e+02   8.6314413e-25
   2.3470762e+02   8.6349546e-25
   2.3524886e+02   8.6384694e-25
   2.3579134e+02   8.6420693e-25
   2.3633508e+02   8.6456815e-25
   2.3688007e+02   8.6492952e-25
   2.3742632e+02   8.6529942e-25
   2.3797382e+02   8.6567059e-25
   2.3852259e+02   8.6604192e-25
   2.3907263e+02   8.6642181e-25
   2.3962393e+02   8.6680300e-25
   2.4017651e+02   8.6718436e-25
   2.4073036e+02   8.6757430e-25
   2.4128548e+02   8.6796558e-25
   2.4184189e+02   8.6835704e-25
   2.4239958e+02   8.6875710e-25
   2.4295855e+02   8.6915854e-25
   2.4351882e+02   8.6956016e-25
   2.4408037e+02   8.6997042e-25
   2.4464322e+02   8.7038208e-25
   2.4520737e+02   8.7079394e-25
   2.4577282e+02   8.7121446e-25
   2.4633958e+02   8.7163641e-25
   2.4690764e+02   8.7205858e-25
   2.4747701e+02   8.7248943e-25
   2.4804769e+02   8.7292175e-25
   2.4861969e+02   8.7335429e-25
   2.4919301e+02   8.7379554e-25
   2.4976765e+02   8.7423830e-25
   2.5034362e+02   8.7468129e-25
   2.5092091e+02   8.7513301e-25
   2.5149954e+02   8.7558628e-25
   2.5207950e+02   8.7603979e-25
   2.5266080e+02   8.7650205e-25
   2.5324343e+02   8.7696590e-25
   2.5382742e+02   8.7742999e-25
   2.5441274e+02   8.7790288e-25
   2.5499942e+02   8.7837738e-25
   2.5558745e+02   8.7885213e-25
   2.5617684e+02   8.7933570e-25
   2.5676758e+02   8.7982092e-25
   2.5735969e+02   8.8030641e-25
   2.5795317e+02   8.8080074e-25
   2.5854801e+02   8.8129676e-25
   2.5914422e+02   8.8179305e-25
   2.5974181e+02   8.8229821e-25
   2.6034078e+02   8.8280510e-25
   2.6094112e+02   8.8331227e-25
   2.6154286e+02   8.8382834e-25
   2.6214598e+02   8.8434617e-25
   2.6275049e+02   8.8486430e-25
   2.6335639e+02   8.8539134e-25
   2.6396369e+02   8.8592018e-25
   2.6457240e+02   8.8644934e-25
   2.6518250e+02   8.8698743e-25
   2.6579401e+02   8.8752736e-25
   2.6640694e+02   8.8806763e-25
   2.6702127e+02   8.8861684e-25
   2.6763703e+02   8.8916794e-25
   2.6825420e+02   8.8971938e-25
   2.6887280e+02   8.9027979e-25
   2.6949282e+02   8.9084213e-25
   2.7011427e+02   8.9140482e-25
   2.7073716e+02   8.9197651e-25
   2.7136148e+02   8.9255016e-25
   2.7198724e+02   8.9312417e-25
   2.7261444e+02   8.9370722e-25
   2.7324310e+02   8.9429225e-25
   2.7387320e+02   8.9487767e-25
   2.7450475e+02   8.9547214e-25
   2.7513776e+02   8.9606864e-25
   2.7577223e+02   8.9666554e-25
   2.7640816e+02   8.9727150e-25
   2.7704556e+02   8.9787954e-25
   2.7768443e+02   8.9848800e-25
   2.7832477e+02   8.9910554e-25
   2.7896659e+02   8.9972520e-25
   2.7960989e+02   9.0034528e-25
   2.8025467e+02   9.0097448e-25
   2.8090094e+02   9.0160583e-25
   2.8154870e+02   9.0223762e-25
   2.8219796e+02   9.0287855e-25
   2.8284871e+02   9.0352167e-25
   2.8350096e+02   9.0416525e-25
   2.8415471e+02   9.0481798e-25
   2.8480998e+02   9.0547295e-25
   2.8546675e+02   9.0612839e-25
   2.8612504e+02   9.0679300e-25
   2.8678485e+02   9.0745990e-25
   2.8744617e+02   9.0812728e-25
   2.8810903e+02   9.0880386e-25
   2.8877341e+02   9.0948276e-25
   2.8943932e+02   9.1016216e-25
   2.9010677e+02   9.1085077e-25
   2.9077576e+02   9.1154175e-25
   2.9144629e+02   9.1223326e-25
   2.9211837e+02   9.1293398e-25
   2.9279200e+02   9.1363712e-25
   2.9346718e+02   9.1434080e-25
   2.9414391e+02   9.1505372e-25
   2.9482221e+02   9.1576910e-25
   2.9550207e+02   9.1648504e-25
   2.9618350e+02   9.1721023e-25
   2.9686651e+02   9.1793793e-25
   2.9755108e+02   9.1866620e-25
   2.9823724e+02   9.1940375e-25
   2.9892498e+02   9.2014384e-25
   2.9961430e+02   9.2088453e-25
   3.0030521e+02   9.2163451e-25
   3.0099772e+02   9.2238707e-25
   3.0169182e+02   9.2314026e-25
   3.0238752e+02   9.2390275e-25
   3.0308483e+02   9.2466787e-25
   3.0378375e+02   9.2543363e-25
   3.0448428e+02   9.2620871e-25
   3.0518642e+02   9.2698647e-25
   3.0589018e+02   9.2776488e-25
   3.0659557e+02   9.2855263e-25
   3.0730258e+02   9.2934311e-25
   3.0801122e+02   9.3013426e-25
   3.0872150e+02   9.3093476e-25
   3.0943341e+02   9.3173803e-25
   3.1014697e+02   9.3254200e-25
   3.1086217e+02   9.3335533e-25
   3.1157902e+02   9.3417148e-25
   3.1229752e+02   9.3498835e-25
   3.1301768e+02   9.3581460e-25
   3.1373950e+02   9.3664371e-25
   3.1446299e+02   9.3747355e-25
   3.1518814e+02   9.3831279e-25
   3.1591497e+02   9.3915494e-25
   3.1664347e+02   9.3999784e-25
   3.1737365e+02   9.4085016e-25
   3.1810552e+02   9.4170543e-25
   3.1883907e+02   9.4256148e-25
   3.1957432e+02   9.4342695e-25
   3.2031126e+02   9.4429543e-25
   3.2104990e+02   9.4516470e-25
   3.2179024e+02   9.4604341e-25
   3.2253229e+02   9.4692517e-25
   3.2327606e+02   9.4780776e-25
   3.2402153e+02   9.4869979e-25
   3.2476873e+02   9.4959492e-25
   3.2551765e+02   9.5049089e-25
   3.2626829e+02   9.5139633e-25
   3.2702067e+02   9.5230490e-25
   3.2777478e+02   9.5321435e-25
   3.2853063e+02   9.5413327e-25
   3.2928823e+02   9.5505539e-25
   3.3004757e+02   9.5597839e-25
   3.3080866e+02   9.5691088e-25
   3.3157151e+02   9.5784661e-25
   3.3233612e+02   9.5878325e-25
   3.3310249e+02   9.5972939e-25
   3.3387062e+02   9.6067882e-25
   3.3464053e+02   9.6162919e-25
   3.3541221e+02   9.6258907e-25
   3.3618568e+02   9.6355228e-25
   3.3696092e+02   9.6451646e-25
   3.3773796e+02   9.6549015e-25
   3.3851679e+02   9.6646723e-25
   3.3929741e+02   9.6744530e-25
   3.4007983e+02   9.6843290e-25
   3.4086406e+02   9.6942393e-25
   3.4165009e+02   9.7041598e-25
   3.4243794e+02   9.7141756e-25
   3.4322760e+02   9.7242263e-25
   3.4401909e+02   9.7342874e-25
   3.4481240e+02   9.7444439e-25
   3.4560754e+02   9.7546358e-25
   3.4640451e+02   9.7648384e-25
   3.4720333e+02   9.7751365e-25
   3.4800398e+02   9.7854704e-25
   3.4880648e+02   9.7958153e-25
   3.4961083e+02   9.8062558e-25
   3.5041703e+02   9.8167326e-25
   3.5122510e+02   9.8272207e-25
   3.5203503e+02   9.8378044e-25
   3.5284682e+02   9.8484250e-25
   3.5366049e+02   9.8590571e-25
   3.5447603e+02   9.8697850e-25
   3.5529346e+02   9.8805502e-25
   3.5611277e+02   9.8913271e-25
   3.5693397e+02   9.9022000e-25
   3.5775706e+02   9.9131107e-25
   3.5858205e+02   9.9240334e-25
   3.5940894e+02   9.9350521e-25
   3.6023774e+02   9.9461091e-25
   3.6106845e+02   9.9571784e-25
   3.6190108e+02   9.9683438e-25
   3.6273563e+02   9.9795480e-25
   3.6357210e+02   9.9907648e-25
   3.6441050e+02   1.0002078e-24
   3.6525083e+02   1.0013430e-24
   3.6609310e+02   1.0024795e-24
   3.6693731e+02   1.0036257e-24
   3.6778347e+02   1.0047758e-24
   3.6863159e+02   1.0059272e-24
   3.6948165e+02   1.0070883e-24
   3.7033368e+02   1.0082534e-24
   3.7118767e+02   1.0094198e-24
   3.7204364e+02   1.0105959e-24
   3.7290157e+02   1.0117761e-24
   3.7376148e+02   1.0129576e-24
   3.7462338e+02   1.0141488e-24
   3.7548727e+02   1.0153441e-24
   3.7635314e+02   1.0165409e-24
   3.7722102e+02   1.0177472e-24
   3.7809089e+02   1.0189578e-24
   3.7896277e+02   1.0201698e-24
   3.7983666e+02   1.0213915e-24
   3.8071257e+02   1.0226174e-24
   3.8159049e+02   1.0238447e-24
   3.8247044e+02   1.0250818e-24
   3.8335242e+02   1.0263231e-24
   3.8423644e+02   1.0275659e-24
   3.8512249e+02   1.0288184e-24
   3.8601059e+02   1.0300752e-24
   3.8690073e+02   1.0313336e-24
   3.8779292e+02   1.0326016e-24
   3.8868718e+02   1.0338741e-24
   3.8958349e+02   1.0351480e-24
   3.9048188e+02   1.0364317e-24
   3.9138233e+02   1.0377198e-24
   3.9228486e+02   1.0390095e-24
   3.9318947e+02   1.0403089e-24
   3.9409617e+02   1.0416128e-24
   3.9500496e+02   1.0429184e-24
   3.9591584e+02   1.0442336e-24
   3.9682883e+02   1.0455533e-24
   3.9774392e+02   1.0468747e-24
   3.9866112e+02   1.0482059e-24
   3.9958044e+02   1.0495416e-24
   4.0050187e+02   1.0508790e-24
   4.0142543e+02   1.0522261e-24
   4.0235112e+02   1.0535779e-24
   4.0327895e+02   1.0549314e-24
   4.0420891e+02   1.0562946e-24
   4.0514102e+02   1.0576625e-24
   4.0607528e+02   1.0590322e-24
   4.0701169e+02   1.0604115e-24
   4.0795026e+02   1.0617957e-24
   4.0889100e+02   1.0631816e-24
   4.0983390e+02   1.0645772e-24
   4.1077898e+02   1.0659777e-24
   4.1172624e+02   1.0673800e-24
   4.1267569e+02   1.0687920e-24
   4.1362732e+02   1.0702089e-24
   4.1458115e+02   1.0716276e-24
   4.1553718e+02   1.0730561e-24
   4.1649541e+02   1.0744895e-24
   4.1745585e+02   1.0759248e-24
   4.1841851e+02   1.0773698e-24
   4.1938338e+02   1.0788197e-24
   4.2035048e+02   1.0802717e-24
   4.2131982e+02   1.0817333e-24
   4.2229138e+02   1.0832000e-24
   4.2326519e+02   1.0846687e-24
   4.2424124e+02   1.0861470e-24
   4.2521955e+02   1.0876305e-24
   4.2620010e+02   1.0891160e-24
   4.2718293e+02   1.0906112e-24
   4.2816801e+02   1.0921115e-24
   4.2915537e+02   1.0936139e-24
   4.3014501e+02   1.0951260e-24
   4.3113692e+02   1.0966434e-24
   4.3213113e+02   1.0981628e-24
   4.3312763e+02   1.0996919e-24
   4.3412642e+02   1.1012263e-24
   4.3512752e+02   1.1027628e-24
   4.3613093e+02   1.1043091e-24
   4.3713665e+02   1.1058606e-24
   4.3814469e+02   1.1074143e-24
   4.3915506e+02   1.1089778e-24
   4.4016775e+02   1.1105466e-24
   4.4118278e+02   1.1121176e-24
   4.4220015e+02   1.1136984e-24
   4.4321987e+02   1.1152845e-24
   4.4424194e+02   1.1168729e-24
   4.4526636e+02   1.1184711e-24
   4.4629315e+02   1.1200747e-24
   4.4732231e+02   1.1216806e-24
   4.4835383e+02   1.1232962e-24
   4.4938774e+02   1.1249174e-24
   4.5042403e+02   1.1265409e-24
   4.5146271e+02   1.1281741e-24
   4.5250379e+02   1.1298129e-24
   4.5354727e+02   1.1314541e-24
   4.5459315e+02   1.1331050e-24
   4.5564145e+02   1.1347616e-24
   4.5669216e+02   1.1364206e-24
   4.5774529e+02   1.1380892e-24
   4.5880086e+02   1.1397636e-24
   4.5985886e+02   1.1414405e-24
   4.6091930e+02   1.1431271e-24
   4.6198218e+02   1.1448194e-24
   4.6304751e+02   1.1465142e-24
   4.6411530e+02   1.1482188e-24
   4.6518556e+02   1.1499292e-24
   4.6625828e+02   1.1516421e-24
   4.6733347e+02   1.1533647e-24
   4.6841115e+02   1.1550932e-24
   4.6949131e+02   1.1568243e-24
   4.7057396e+02   1.1585651e-24
   4.7165911e+02   1.1603119e-24
   4.7274676e+02   1.1620612e-24
   4.7383691e+02   1.1638203e-24
   4.7492958e+02   1.1655854e-24
   4.7602478e+02   1.1673532e-24
   4.7712249e+02   1.1691306e-24
   4.7822274e+02   1.1709142e-24
   4.7932553e+02   1.1727004e-24
   4.8043085e+02   1.1744964e-24
   4.8153873e+02   1.1762984e-24
   4.8264916e+02   1.1781032e-24
   4.8376216e+02   1.1799178e-24
   4.8487772e+02   1.1817385e-24
   4.8599585e+02   1.1835620e-24
   4.8711656e+02   1.1853952e-24
   4.8823985e+02   1.1872346e-24
   4.8936574e+02   1.1890769e-24
   4.9049422e+02   1.1909290e-24
   4.9162530e+02   1.1927872e-24
   4.9275899e+02   1.1946484e-24
   4.9389530e+02   1.1965193e-24
   4.9503423e+02   1.1983966e-24
   4.9617578e+02   1.2002767e-24
   4.9731996e+02   1.2021667e-24
   4.9846679e+02   1.2040629e-24
   4.9961626e+02   1.2059622e-24
   5.0076837e+02   1.2078712e-24
   5.0192315e+02   1.2097867e-24
   5.0308059e+02   1.2117051e-24
   5.0424070e+02   1.2136334e-24
   5.0540348e+02   1.2155681e-24
   5.0656894e+02   1.2175059e-24
   5.0773710e+02   1.2194534e-24
   5.0890794e+02   1.2214075e-24
   5.1008149e+02   1.2233647e-24
   5.1125774e+02   1.2253316e-24
   5.1243670e+02   1.2273052e-24
   5.1361839e+02   1.2292819e-24
   5.1480279e+02   1.2312684e-24
   5.1598993e+02   1.2332615e-24
   5.1717981e+02   1.2352578e-24
   5.1837243e+02   1.2372640e-24
   5.1956780e+02   1.2392768e-24
   5.2076593e+02   1.2412928e-24
   5.2196682e+02   1.2433187e-24
   5.2317048e+02   1.2453513e-24
   5.2437691e+02   1.2473872e-24
   5.2558613e+02   1.2494330e-24
   5.2679814e+02   1.2514855e-24
   5.2801294e+02   1.2535413e-24
   5.2923054e+02   1.2556070e-24
   5.3045095e+02   1.2576795e-24
   5.3167417e+02   1.2597555e-24
   5.3290022e+02   1.2618412e-24
   5.3412909e+02   1.2639339e-24
   5.3536079e+02   1.2660300e-24
   5.3659534e+02   1.2681359e-24
   5.3783273e+02   1.2702488e-24
   5.3907298e+02   1.2723652e-24
   5.4031609e+02   1.2744914e-24
   5.4156206e+02   1.2766246e-24
   5.4281090e+02   1.2787614e-24
   5.4406263e+02   1.2809080e-24
   5.4531724e+02   1.2830617e-24
   5.4657475e+02   1.2852190e-24
   5.4783515e+02   1.2873862e-24
   5.4909847e+02   1.2895604e-24
   5.5036469e+02   1.2917383e-24
   5.5163384e+02   1.2939261e-24
   5.5290591e+02   1.2961210e-24
   5.5418091e+02   1.2983197e-24
   5.5545886e+02   1.3005282e-24
   5.5673975e+02   1.3027439e-24
   5.5802360e+02   1.3049634e-24
   5.5931040e+02   1.3071928e-24
   5.6060018e+02   1.3094294e-24
   5.6189293e+02   1.3116699e-24
   5.6318866e+02   1.3139202e-24
   5.6448737e+02   1.3161779e-24
   5.6578909e+02   1.3184395e-24
   5.6709380e+02   1.3207109e-24
   5.6840152e+02   1.3229897e-24
   5.6971226e+02   1.3252725e-24
   5.7102602e+02   1.3275651e-24
   5.7234281e+02   1.3298652e-24
   5.7366264e+02   1.3321692e-24
   5.7498551e+02   1.3344832e-24
   5.7631143e+02   1.3368046e-24
   5.7764041e+02   1.3391301e-24
   5.7897245e+02   1.3414655e-24
   5.8030757e+02   1.3438085e-24
   5.8164576e+02   1.3461555e-24
   5.8298704e+02   1.3485125e-24
   5.8433141e+02   1.3508770e-24
   5.8567889e+02   1.3532458e-24
   5.8702947e+02   1.3556244e-24
   5.8838316e+02   1.3580107e-24
   5.8973998e+02   1.3604012e-24
   5.9109992e+02   1.3628016e-24
   5.9246300e+02   1.3652098e-24
   5.9382923e+02   1.3676222e-24
   5.9519860e+02   1.3700446e-24
   5.9657113e+02   1.3724747e-24
   5.9794683e+02   1.3749092e-24
   5.9932570e+02   1.3773535e-24
   6.0070775e+02   1.3798058e-24
   6.0209299e+02   1.3822624e-24
   6.0348142e+02   1.3847290e-24
   6.0487305e+02   1.3872034e-24
   6.0626789e+02   1.3896823e-24
   6.0766595e+02   1.3921712e-24
   6.0906723e+02   1.3946680e-24
   6.1047175e+02   1.3971693e-24
   6.1187950e+02   1.3996806e-24
   6.1329050e+02   1.4021999e-24
   6.1470475e+02   1.4047237e-24
   6.1612226e+02   1.4072575e-24
   6.1754305e+02   1.4097994e-24
   6.1896711e+02   1.4123459e-24
   6.2039445e+02   1.4149024e-24
   6.2182508e+02   1.4174670e-24
   6.2325902e+02   1.4200363e-24
   6.2469626e+02   1.4226155e-24
   6.2613681e+02   1.4252030e-24
   6.2758069e+02   1.4277952e-24
   6.2902789e+02   1.4303974e-24
   6.3047844e+02   1.4330078e-24
   6.3193232e+02   1.4356231e-24
   6.3338957e+02   1.4382483e-24
   6.3485017e+02   1.4408819e-24
   6.3631414e+02   1.4435203e-24
   6.3778148e+02   1.4461687e-24
   6.3925221e+02   1.4488255e-24
   6.4072633e+02   1.4514872e-24
   6.4220385e+02   1.4541589e-24
   6.4368478e+02   1.4568391e-24
   6.4516912e+02   1.4595243e-24
   6.4665688e+02   1.4622194e-24
   6.4814808e+02   1.4649231e-24
   6.4964271e+02   1.4676318e-24
   6.5114080e+02   1.4703506e-24
   6.5264233e+02   1.4730779e-24
   6.5414733e+02   1.4758103e-24
   6.5565580e+02   1.4785528e-24
   6.5716775e+02   1.4813039e-24
   6.5868318e+02   1.4840601e-24
   6.6020211e+02   1.4868264e-24
   6.6172454e+02   1.4896014e-24
   6.6325048e+02   1.4923816e-24
   6.6477994e+02   1.4951719e-24
   6.6631293e+02   1.4979710e-24
   6.6784945e+02   1.5007753e-24
   6.6938952e+02   1.5035897e-24
   6.7093314e+02   1.5064130e-24
   6.7248031e+02   1.5092415e-24
   6.7403106e+02   1.5120802e-24
   6.7558538e+02   1.5149277e-24
   6.7714328e+02   1.5177806e-24
   6.7870478e+02   1.5206437e-24
   6.8026988e+02   1.5235157e-24
   6.8183859e+02   1.5263932e-24
   6.8341091e+02   1.5292808e-24
   6.8498686e+02   1.5321774e-24
   6.8656645e+02   1.5350795e-24
   6.8814967e+02   1.5379918e-24
   6.8973655e+02   1.5409131e-24
   6.9132709e+02   1.5438400e-24
   6.9292130e+02   1.5467771e-24
   6.9451918e+02   1.5497233e-24
   6.9612074e+02   1.5526752e-24
   6.9772600e+02   1.5556373e-24
   6.9933497e+02   1.5586085e-24
   7.0094764e+02   1.5615854e-24
   7.0256403e+02   1.5645726e-24
   7.0418415e+02   1.5675690e-24
   7.0580800e+02   1.5705711e-24
   7.0743560e+02   1.5735836e-24
   7.0906695e+02   1.5766053e-24
   7.1070206e+02   1.5796328e-24
   7.1234095e+02   1.5826707e-24
   7.1398361e+02   1.5857178e-24
   7.1563006e+02   1.5887709e-24
   7.1728031e+02   1.5918343e-24
   7.1893437e+02   1.5949070e-24
   7.2059223e+02   1.5979858e-24
   7.2225393e+02   1.6010748e-24
   7.2391945e+02   1.6041734e-24
   7.2558881e+02   1.6072779e-24
   7.2726203e+02   1.6103928e-24
   7.2893910e+02   1.6135172e-24
   7.3062004e+02   1.6166477e-24
   7.3230485e+02   1.6197887e-24
   7.3399355e+02   1.6229391e-24
   7.3568615e+02   1.6260958e-24
   7.3738265e+02   1.6292628e-24
   7.3908306e+02   1.6324395e-24
   7.4078739e+02   1.6356224e-24
   7.4249565e+02   1.6388157e-24
   7.4420785e+02   1.6420188e-24
   7.4592400e+02   1.6452281e-24
   7.4764410e+02   1.6484479e-24
   7.4936818e+02   1.6516775e-24
   7.5109623e+02   1.6549134e-24
   7.5282826e+02   1.6581598e-24
   7.5456429e+02   1.6614160e-24
   7.5630432e+02   1.6646786e-24
   7.5804836e+02   1.6679518e-24
   7.5979643e+02   1.6712348e-24
   7.6154852e+02   1.6745243e-24
   7.6330466e+02   1.6778244e-24
   7.6506485e+02   1.6811345e-24
   7.6682909e+02   1.6844510e-24
   7.6859741e+02   1.6877782e-24
   7.7036980e+02   1.6911154e-24
   7.7214628e+02   1.6944591e-24
   7.7392685e+02   1.6978135e-24
   7.7571153e+02   1.7011780e-24
   7.7750033e+02   1.7045491e-24
   7.7929325e+02   1.7079309e-24
   7.8109031e+02   1.7113229e-24
   7.8289151e+02   1.7147215e-24
   7.8469686e+02   1.7181309e-24
   7.8650638e+02   1.7215505e-24
   7.8832007e+02   1.7249768e-24
   7.9013794e+02   1.7284139e-24
   7.9196000e+02   1.7318612e-24
   7.9378627e+02   1.7353154e-24
   7.9561675e+02   1.7387804e-24
   7.9745144e+02   1.7422557e-24
   7.9929037e+02   1.7457379e-24
   8.0113354e+02   1.7492310e-24
   8.0298096e+02   1.7527344e-24
   8.0483264e+02   1.7562448e-24
   8.0668859e+02   1.7597661e-24
   8.0854882e+02   1.7632977e-24
   8.1041334e+02   1.7668365e-24
   8.1228216e+02   1.7703862e-24
   8.1415529e+02   1.7739463e-24
   8.1603274e+02   1.7775136e-24
   8.1791452e+02   1.7810918e-24
   8.1980064e+02   1.7846806e-24
   8.2169110e+02   1.7882766e-24
   8.2358593e+02   1.7918835e-24
   8.2548512e+02   1.7955011e-24
   8.2738870e+02   1.7991259e-24
   8.2929666e+02   1.8027618e-24
   8.3120903e+02   1.8064083e-24
   8.3312580e+02   1.8100622e-24
   8.3504700e+02   1.8137271e-24
   8.3697262e+02   1.8174028e-24
   8.3890269e+02   1.8210860e-24
   8.4083720e+02   1.8247801e-24
   8.4277618e+02   1.8284851e-24
   8.4471963e+02   1.8321977e-24
   8.4666756e+02   1.8359213e-24
   8.4861998e+02   1.8396558e-24
   8.5057690e+02   1.8433979e-24
   8.5253834e+02   1.8471511e-24
   8.5450430e+02   1.8509153e-24
   8.5647479e+02   1.8546872e-24
   8.5844983e+02   1.8584703e-24
   8.6042942e+02   1.8622644e-24
   8.6241358e+02   1.8660663e-24
   8.6440231e+02   1.8698794e-24
   8.6639563e+02   1.8737037e-24
   8.6839354e+02   1.8775359e-24
   8.7039607e+02   1.8813796e-24
   8.7240321e+02   1.8852347e-24
   8.7441498e+02   1.8890977e-24
   8.7643138e+02   1.8929744e-24
   8.7845244e+02   1.8968647e-24
   8.8047816e+02   1.9007630e-24
   8.8250855e+02   1.9048384e-24
   8.8454362e+02   1.9090906e-24
   8.8658338e+02   1.9133522e-24
   8.8862785e+02   1.9172866e-24
   8.9067703e+02   1.9208924e-24
   8.9273094e+02   1.9245050e-24
   8.9478959e+02   1.9282972e-24
   8.9685298e+02   1.9322711e-24
   8.9892113e+02   1.9362532e-24
   9.0099405e+02   1.9402479e-24
   9.0307175e+02   1.9442553e-24
   9.0515424e+02   1.9482711e-24
   9.0724153e+02   1.9522984e-24
   9.0933364e+02   1.9563376e-24
   9.1143057e+02   1.9603851e-24
   9.1353233e+02   1.9644442e-24
   9.1563894e+02   1.9685150e-24
   9.1775041e+02   1.9725942e-24
   9.1986675e+02   1.9766851e-24
   9.2198797e+02   1.9807876e-24
   9.2411408e+02   1.9848987e-24
   9.2624510e+02   1.9890214e-24
   9.2838103e+02   1.9931559e-24
   9.3052188e+02   1.9972990e-24
   9.3266767e+02   2.0014538e-24
   9.3481841e+02   2.0056204e-24
   9.3697411e+02   2.0097957e-24
   9.3913478e+02   2.0139827e-24
   9.4130043e+02   2.0181816e-24
   9.4347108e+02   2.0223893e-24
   9.4564673e+02   2.0266087e-24
   9.4782740e+02   2.0308402e-24
   9.5001309e+02   2.0350804e-24
   9.5220383e+02   2.0393325e-24
   9.5439962e+02   2.0435966e-24
   9.5660047e+02   2.0478697e-24
   9.5880640e+02   2.0521546e-24
   9.6101742e+02   2.0564517e-24
   9.6323353e+02   2.0607577e-24
   9.6545475e+02   2.0650757e-24
   9.6768110e+02   2.0694058e-24
   9.6991258e+02   2.0737451e-24
   9.7214920e+02   2.0780963e-24
   9.7439099e+02   2.0824597e-24
   9.7663794e+02   2.0868324e-24
   9.7889008e+02   2.0912170e-24
   9.8114740e+02   2.0956140e-24
   9.8340994e+02   2.1000203e-24
   9.8567769e+02   2.1044386e-24
   9.8795067e+02   2.1088693e-24
   9.9022889e+02   2.1133094e-24
   9.9251237e+02   2.1177616e-24
   9.9480111e+02   2.1222262e-24
   9.9709513e+02   2.1267003e-24
   9.9939443e+02   2.1311866e-24
   1.0016990e+03   2.1356854e-24
   1.0040090e+03   2.1401937e-24
   1.0063242e+03   2.1447143e-24
   1.0086448e+03   2.1492475e-24
   1.0109708e+03   2.1537903e-24
   1.0133021e+03   2.1583453e-24
   1.0156387e+03   2.1629131e-24
   1.0179808e+03   2.1674905e-24
   1.0203283e+03   2.1720803e-24
   1.0226812e+03   2.1766829e-24
   1.0250395e+03   2.1812952e-24
   1.0274032e+03   2.1859199e-24
   1.0297724e+03   2.1905575e-24
   1.0321471e+03   2.1952050e-24
   1.0345272e+03   2.1998648e-24
   1.0369129e+03   2.2045377e-24
   1.0393040e+03   2.2092204e-24
   1.0417006e+03   2.2139157e-24
   1.0441028e+03   2.2186239e-24
   1.0465105e+03   2.2233422e-24
   1.0489238e+03   2.2280731e-24
   1.0513426e+03   2.2328171e-24
   1.0537670e+03   2.2375711e-24
   1.0561970e+03   2.2423378e-24
   1.0586326e+03   2.2471177e-24
   1.0610738e+03   2.2519078e-24
   1.0635207e+03   2.2567105e-24
   1.0659731e+03   2.2615265e-24
   1.0684313e+03   2.2663528e-24
   1.0708951e+03   2.2711918e-24
   1.0733646e+03   2.2760442e-24
   1.0758398e+03   2.2809069e-24
   1.0783207e+03   2.2857824e-24
   1.0808073e+03   2.2906714e-24
   1.0832996e+03   2.2955708e-24
   1.0857977e+03   2.3004830e-24
   1.0883016e+03   2.3054088e-24
   1.0908112e+03   2.3103451e-24
   1.0933266e+03   2.3152944e-24
   1.0958479e+03   2.3202572e-24
   1.0983749e+03   2.3252307e-24
   1.1009078e+03   2.3302171e-24
   1.1034465e+03   2.3352173e-24
   1.1059910e+03   2.3402281e-24
   1.1085414e+03   2.3452520e-24
   1.1110977e+03   2.3502897e-24
   1.1136599e+03   2.3553381e-24
   1.1162281e+03   2.3603997e-24
   1.1188021e+03   2.3654751e-24
   1.1213820e+03   2.3705615e-24
   1.1239680e+03   2.3756610e-24
   1.1265598e+03   2.3807744e-24
   1.1291577e+03   2.3858988e-24
   1.1317615e+03   2.3910365e-24
   1.1343714e+03   2.3961882e-24
   1.1369873e+03   2.4013509e-24
   1.1396092e+03   2.4065270e-24
   1.1422371e+03   2.4117172e-24
   1.1448711e+03   2.4169185e-24
   1.1475112e+03   2.4221333e-24
   1.1501574e+03   2.4273622e-24
   1.1528096e+03   2.4326024e-24
   1.1554680e+03   2.4378560e-24
   1.1581325e+03   2.4431239e-24
   1.1608032e+03   2.4484032e-24
   1.1634800e+03   2.4536960e-24
   1.1661630e+03   2.4590031e-24
   1.1688522e+03   2.4643217e-24
   1.1715476e+03   2.4696539e-24
   1.1742492e+03   2.4750005e-24
   1.1769570e+03   2.4803587e-24
   1.1796711e+03   2.4857306e-24
   1.1823914e+03   2.4911169e-24
   1.1851180e+03   2.4965150e-24
   1.1878509e+03   2.5019267e-24
   1.1905901e+03   2.5073531e-24
   1.1933356e+03   2.5127912e-24
   1.1960875e+03   2.5182432e-24
   1.1988456e+03   2.5237098e-24
   1.2016102e+03   2.5291882e-24
   1.2043811e+03   2.5346806e-24
   1.2071584e+03   2.5401877e-24
   1.2099421e+03   2.5457068e-24
   1.2127323e+03   2.5512399e-24
   1.2155288e+03   2.5567878e-24
   1.2183319e+03   2.5623477e-24
   1.2211413e+03   2.5679217e-24
   1.2239573e+03   2.5735107e-24
   1.2267798e+03   2.5791118e-24
   1.2296087e+03   2.5847270e-24
   1.2324442e+03   2.5903572e-24
   1.2352862e+03   2.5959997e-24
   1.2381348e+03   2.6016564e-24
   1.2409900e+03   2.6073282e-24
   1.2438517e+03   2.6130124e-24
   1.2467200e+03   2.6187109e-24
   1.2495950e+03   2.6244245e-24
   1.2524766e+03   2.6301506e-24
   1.2553648e+03   2.6358911e-24
   1.2582597e+03   2.6416468e-24
   1.2611612e+03   2.6474152e-24
   1.2640695e+03   2.6531979e-24
   1.2669844e+03   2.6589961e-24
   1.2699061e+03   2.6648069e-24
   1.2728345e+03   2.6706322e-24
   1.2757697e+03   2.6764730e-24
   1.2787116e+03   2.6823266e-24
   1.2816603e+03   2.6881948e-24
   1.2846158e+03   2.6940785e-24
   1.2875782e+03   2.6999751e-24
   1.2905473e+03   2.7058864e-24
   1.2935233e+03   2.7118133e-24
   1.2965062e+03   2.7177533e-24
   1.2994960e+03   2.7237080e-24
   1.3024926e+03   2.7296784e-24
   1.3054962e+03   2.7356619e-24
   1.3085067e+03   2.7416603e-24
   1.3115241e+03   2.7476745e-24
   1.3145485e+03   2.7537020e-24
   1.3175798e+03   2.7597443e-24
   1.3206182e+03   2.7658026e-24
   1.3236635e+03   2.7718742e-24
   1.3267159e+03   2.7779608e-24
   1.3297753e+03   2.7840634e-24
   1.3328418e+03   2.7901795e-24
   1.3359154e+03   2.7963106e-24
   1.3389960e+03   2.8024579e-24
   1.3420837e+03   2.8086187e-24
   1.3451786e+03   2.8147947e-24
   1.3482806e+03   2.8209869e-24
   1.3513897e+03   2.8271928e-24
   1.3545060e+03   2.8334139e-24
   1.3576295e+03   2.8396513e-24
   1.3607602e+03   2.8459025e-24
   1.3638982e+03   2.8521690e-24
   1.3670433e+03   2.8584520e-24
   1.3701957e+03   2.8647488e-24
   1.3733554e+03   2.8710611e-24
   1.3765224e+03   2.8773898e-24
   1.3796966e+03   2.8837326e-24
   1.3828782e+03   2.8900909e-24
   1.3860672e+03   2.8964658e-24
   1.3892634e+03   2.9028548e-24
   1.3924671e+03   2.9092594e-24
   1.3956781e+03   2.9156807e-24
   1.3988966e+03   2.9221162e-24
   1.4021224e+03   2.9285674e-24
   1.4053558e+03   2.9350355e-24
   1.4085965e+03   2.9415179e-24
   1.4118448e+03   2.9480160e-24
   1.4151005e+03   2.9545311e-24
   1.4183637e+03   2.9610606e-24
   1.4216345e+03   2.9676060e-24
   1.4249128e+03   2.9741685e-24
   1.4281986e+03   2.9807455e-24
   1.4314921e+03   2.9873384e-24
   1.4347931e+03   2.9939485e-24
   1.4381017e+03   3.0005733e-24
   1.4414180e+03   3.0072141e-24
   1.4447419e+03   3.0138722e-24
   1.4480735e+03   3.0205450e-24
   1.4514128e+03   3.0272340e-24
   1.4547598e+03   3.0339404e-24
   1.4581144e+03   3.0406616e-24
   1.4614769e+03   3.0473991e-24
   1.4648470e+03   3.0541541e-24
   1.4682250e+03   3.0609241e-24
   1.4716107e+03   3.0677104e-24
   1.4750043e+03   3.0745143e-24
   1.4784056e+03   3.0813333e-24
   1.4818149e+03   3.0881688e-24
   1.4852319e+03   3.0950219e-24
   1.4886569e+03   3.1018903e-24
   1.4920897e+03   3.1087753e-24
   1.4955305e+03   3.1156780e-24
   1.4989792e+03   3.1225960e-24
   1.5024359e+03   3.1295308e-24
   1.5059005e+03   3.1364834e-24
   1.5093731e+03   3.1434515e-24
   1.5128538e+03   3.1504364e-24
   1.5163424e+03   3.1574393e-24
   1.5198391e+03   3.1644577e-24
   1.5233439e+03   3.1714930e-24
   1.5268567e+03   3.1785465e-24
   1.5303776e+03   3.1856156e-24
   1.5339067e+03   3.1927017e-24
   1.5374439e+03   3.1998061e-24
   1.5409893e+03   3.2069262e-24
   1.5445428e+03   3.2140635e-24
   1.5481045e+03   3.2212190e-24
   1.5516745e+03   3.2283905e-24
   1.5552526e+03   3.2355793e-24
   1.5588391e+03   3.2427864e-24
   1.5624338e+03   3.2500096e-24
   1.5660367e+03   3.2572502e-24
   1.5696480e+03   3.2645093e-24
   1.5732677e+03   3.2717845e-24
   1.5768956e+03   3.2790772e-24
   1.5805320e+03   3.2863886e-24
   1.5841767e+03   3.2937162e-24
   1.5878298e+03   3.3010614e-24
   1.5914913e+03   3.3084254e-24
   1.5951613e+03   3.3158058e-24
   1.5988398e+03   3.3232038e-24
   1.6025267e+03   3.3306207e-24
   1.6062222e+03   3.3380542e-24
   1.6099261e+03   3.3455055e-24
   1.6136386e+03   3.3529757e-24
   1.6173597e+03   3.3604626e-24
   1.6210893e+03   3.3679674e-24
   1.6248276e+03   3.3754914e-24
   1.6285744e+03   3.3830321e-24
   1.6323300e+03   3.3905908e-24
   1.6360941e+03   3.3981688e-24
   1.6398670e+03   3.4057637e-24
   1.6436485e+03   3.4133766e-24
   1.6474388e+03   3.4210090e-24
   1.6512378e+03   3.4286584e-24
   1.6550456e+03   3.4363260e-24
   1.6588621e+03   3.4440131e-24
   1.6626874e+03   3.4517174e-24
   1.6665216e+03   3.4594400e-24
   1.6703646e+03   3.4671823e-24
   1.6742165e+03   3.4749418e-24
   1.6780773e+03   3.4827198e-24
   1.6819469e+03   3.4905175e-24
   1.6858255e+03   3.4983327e-24
   1.6897130e+03   3.5061664e-24
   1.6936095e+03   3.5140200e-24
   1.6975150e+03   3.5218911e-24
   1.7014295e+03   3.5297810e-24
   1.7053530e+03   3.5376908e-24
   1.7092855e+03   3.5456183e-24
   1.7132272e+03   3.5535646e-24
   1.7171779e+03   3.5615310e-24
   1.7211377e+03   3.5695153e-24
   1.7251067e+03   3.5775185e-24
   1.7290848e+03   3.5855419e-24
   1.7330721e+03   3.5935833e-24
   1.7370685e+03   3.6016437e-24
   1.7410742e+03   3.6097245e-24
   1.7450892e+03   3.6178234e-24
   1.7491133e+03   3.6259415e-24
   1.7531468e+03   3.6340801e-24
   1.7571896e+03   3.6422370e-24
   1.7612417e+03   3.6504152e-24
   1.7653031e+03   3.6586190e-24
   1.7693739e+03   3.6668412e-24
   1.7734541e+03   3.6750785e-24
   1.7775437e+03   3.6833267e-24
   1.7816427e+03   3.6915933e-24
   1.7857512e+03   3.6998816e-24
   1.7898692e+03   3.7081956e-24
   1.7939966e+03   3.7165283e-24
   1.7981336e+03   3.7248807e-24
   1.8022801e+03   3.7332541e-24
   1.8064362e+03   3.7416464e-24
   1.8106018e+03   3.7500584e-24
   1.8147771e+03   3.7584916e-24
   1.8189620e+03   3.7669437e-24
   1.8231565e+03   3.7754157e-24
   1.8273607e+03   3.7839090e-24
   1.8315746e+03   3.7924214e-24
   1.8357983e+03   3.8009538e-24
   1.8400316e+03   3.8095076e-24
   1.8442748e+03   3.8180806e-24
   1.8485277e+03   3.8266739e-24
   1.8527904e+03   3.8352886e-24
   1.8570629e+03   3.8439227e-24
   1.8613453e+03   3.8525772e-24
   1.8656376e+03   3.8612532e-24
   1.8699398e+03   3.8699488e-24
   1.8742519e+03   3.8786649e-24
   1.8785739e+03   3.8874027e-24
   1.8829059e+03   3.8961602e-24
   1.8872479e+03   3.9049383e-24
   1.8915999e+03   3.9137383e-24
   1.8959620e+03   3.9225582e-24
   1.9003341e+03   3.9313987e-24
   1.9047163e+03   3.9402613e-24
   1.9091086e+03   3.9491438e-24
   1.9135110e+03   3.9580473e-24
   1.9179235e+03   3.9669729e-24
   1.9223463e+03   3.9759186e-24
   1.9267792e+03   3.9848853e-24
   1.9312224e+03   3.9938743e-24
   1.9356758e+03   4.0028836e-24
   1.9401395e+03   4.0119141e-24
   1.9446135e+03   4.0209670e-24
   1.9490978e+03   4.0300403e-24
   1.9535924e+03   4.0391349e-24
   1.9580974e+03   4.0482521e-24
   1.9626128e+03   4.0573898e-24
   1.9671386e+03   4.0665490e-24
   1.9716748e+03   4.0757309e-24
   1.9762215e+03   4.0849336e-24
   1.9807787e+03   4.0941578e-24
   1.9853464e+03   4.1034049e-24
   1.9899246e+03   4.1126729e-24
   1.9945134e+03   4.1219625e-24
   1.9991128e+03   4.1312752e-24
   2.0037227e+03   4.1406089e-24
   2.0083433e+03   4.1499645e-24
   2.0129746e+03   4.1593433e-24
   2.0176165e+03   4.1687432e-24
   2.0222692e+03   4.1781651e-24
   2.0269325e+03   4.1876104e-24
   2.0316067e+03   4.1970770e-24
   2.0362916e+03   4.2065657e-24
   2.0409873e+03   4.2160779e-24
   2.0456938e+03   4.2256116e-24
   2.0504112e+03   4.2351675e-24
   2.0551394e+03   4.2447471e-24
   2.0598786e+03   4.2543484e-24
   2.0646287e+03   4.2639720e-24
   2.0693898e+03   4.2736195e-24
   2.0741618e+03   4.2832888e-24
   2.0789448e+03   4.2929806e-24
   2.0837389e+03   4.3026964e-24
   2.0885440e+03   4.3124341e-24
   2.0933602e+03   4.3221946e-24
   2.0981875e+03   4.3319791e-24
   2.1030259e+03   4.3417858e-24
   2.1078755e+03   4.3516154e-24
   2.1127363e+03   4.3614692e-24
   2.1176083e+03   4.3713453e-24
   2.1224915e+03   4.3812444e-24
   2.1273860e+03   4.3911679e-24
   2.1322918e+03   4.4011138e-24
   2.1372088e+03   4.4110830e-24
   2.1421373e+03   4.4210767e-24
   2.1470771e+03   4.4310930e-24
   2.1520282e+03   4.4411327e-24
   2.1569908e+03   4.4511970e-24
   2.1619649e+03   4.4612842e-24
   2.1669504e+03   4.4713948e-24
   2.1719474e+03   4.4815303e-24
   2.1769559e+03   4.4916888e-24
   2.1819760e+03   4.5018709e-24
   2.1870076e+03   4.5120780e-24
   2.1920509e+03   4.5223083e-24
   2.1971058e+03   4.5325623e-24
   2.2021723e+03   4.5428415e-24
   2.2072505e+03   4.5531441e-24
   2.2123405e+03   4.5634706e-24
   2.2174421e+03   4.5738224e-24
   2.2225556e+03   4.5841977e-24
   2.2276808e+03   4.5945972e-24
   2.2328179e+03   4.6050221e-24
   2.2379668e+03   4.6154707e-24
   2.2431275e+03   4.6259435e-24
   2.2483002e+03   4.6364421e-24
   2.2534848e+03   4.6469644e-24
   2.2586814e+03   4.6575112e-24
   2.2638899e+03   4.6680838e-24
   2.2691104e+03   4.6786804e-24
   2.2743430e+03   4.6893016e-24
   2.2795877e+03   4.6999488e-24
   2.2848444e+03   4.7106202e-24
   2.2901133e+03   4.7213164e-24
   2.2953943e+03   4.7320387e-24
   2.3006875e+03   4.7427854e-24
   2.3059929e+03   4.7535570e-24
   2.3113105e+03   4.7643549e-24
   2.3166404e+03   4.7751773e-24
   2.3219826e+03   4.7860249e-24
   2.3273371e+03   4.7968990e-24
   2.3327040e+03   4.8077977e-24
   2.3380832e+03   4.8187218e-24
   2.3434749e+03   4.8296725e-24
   2.3488789e+03   4.8406481e-24
   2.3542955e+03   4.8516491e-24
   2.3597245e+03   4.8626770e-24
   2.3651660e+03   4.8737299e-24
   2.3706201e+03   4.8848085e-24
   2.3760868e+03   4.8959140e-24
   2.3815661e+03   4.9070449e-24
   2.3870580e+03   4.9182015e-24
   2.3925626e+03   4.9293853e-24
   2.3980798e+03   4.9405945e-24
   2.4036098e+03   4.9518297e-24
   2.4091526e+03   4.9630922e-24
   2.4147081e+03   4.9743804e-24
   2.4202764e+03   4.9856947e-24
   2.4258576e+03   4.9970365e-24
   2.4314516e+03   5.0084042e-24
   2.4370586e+03   5.0197982e-24
   2.4426785e+03   5.0312198e-24
   2.4483113e+03   5.0426675e-24
   2.4539571e+03   5.0541417e-24
   2.4596160e+03   5.0656437e-24
   2.4652879e+03   5.0771720e-24
   2.4709728e+03   5.0887269e-24
   2.4766709e+03   5.1003099e-24
   2.4823821e+03   5.1119192e-24
   2.4881065e+03   5.1235554e-24
   2.4938441e+03   5.1352199e-24
   2.4995949e+03   5.1469109e-24
   2.5053590e+03   5.1586290e-24
   2.5111364e+03   5.1703755e-24
   2.5169271e+03   5.1821488e-24
   2.5227312e+03   5.1939492e-24
   2.5285486e+03   5.2057783e-24
   2.5343794e+03   5.2176344e-24
   2.5402237e+03   5.2295178e-24
   2.5460815e+03   5.2414301e-24
   2.5519528e+03   5.2533695e-24
   2.5578376e+03   5.2653365e-24
   2.5637360e+03   5.2773325e-24
   2.5696480e+03   5.2893558e-24
   2.5755736e+03   5.3014069e-24
   2.5815129e+03   5.3134872e-24
   2.5874659e+03   5.3255950e-24
   2.5934326e+03   5.3377308e-24
   2.5994131e+03   5.3498960e-24
   2.6054074e+03   5.3620889e-24
   2.6114155e+03   5.3743100e-24
   2.6174374e+03   5.3865606e-24
   2.6234732e+03   5.3988391e-24
   2.6295230e+03   5.4111460e-24
   2.6355867e+03   5.4234827e-24
   2.6416644e+03   5.4358475e-24
   2.6477561e+03   5.4482409e-24
   2.6538618e+03   5.4606643e-24
   2.6599816e+03   5.4731161e-24
   2.6661156e+03   5.4855966e-24
   2.6722637e+03   5.4981069e-24
   2.6784259e+03   5.5106458e-24
   2.6846024e+03   5.5232137e-24
   2.6907931e+03   5.5358120e-24
   2.6969981e+03   5.5484391e-24
   2.7032174e+03   5.5610953e-24
   2.7094510e+03   5.5737821e-24
   2.7156991e+03   5.5864977e-24
   2.7219615e+03   5.5992428e-24
   2.7282383e+03   5.6120186e-24
   2.7345297e+03   5.6248235e-24
   2.7408355e+03   5.6376580e-24
   2.7471559e+03   5.6505234e-24
   2.7534909e+03   5.6634181e-24
   2.7598405e+03   5.6763427e-24
   2.7662047e+03   5.6892983e-24
   2.7725836e+03   5.7022835e-24
   2.7789772e+03   5.7152987e-24
   2.7853855e+03   5.7283453e-24
   2.7918086e+03   5.7414216e-24
   2.7982465e+03   5.7545280e-24
   2.8046993e+03   5.7676660e-24
   2.8111670e+03   5.7808340e-24
   2.8176496e+03   5.7940324e-24
   2.8241471e+03   5.8072625e-24
   2.8306596e+03   5.8205229e-24
   2.8371871e+03   5.8338138e-24
   2.8437297e+03   5.8471366e-24
   2.8502873e+03   5.8604899e-24
   2.8568601e+03   5.8738740e-24
   2.8634481e+03   5.8872903e-24
   2.8700512e+03   5.9007371e-24
   2.8766696e+03   5.9142150e-24
   2.8833032e+03   5.9277253e-24
   2.8899521e+03   5.9412664e-24
   2.8966164e+03   5.9548388e-24
   2.9032960e+03   5.9684437e-24
   2.9099910e+03   5.9820797e-24
   2.9167015e+03   5.9957472e-24
   2.9234274e+03   6.0094474e-24
   2.9301688e+03   6.0231790e-24
   2.9369258e+03   6.0369422e-24
   2.9436984e+03   6.0507384e-24
   2.9504866e+03   6.0645661e-24
   2.9572904e+03   6.0784257e-24
   2.9641100e+03   6.0923185e-24
   2.9709452e+03   6.1062431e-24
   2.9777963e+03   6.1201998e-24
   2.9846631e+03   6.1341899e-24
   2.9915457e+03   6.1482120e-24
   2.9984443e+03   6.1622665e-24
   3.0053587e+03   6.1763545e-24
   3.0122891e+03   6.1904748e-24
   3.0192354e+03   6.2046276e-24
   3.0261978e+03   6.2188143e-24
   3.0331763e+03   6.2330335e-24
   3.0401708e+03   6.2472854e-24
   3.0471814e+03   6.2615714e-24
   3.0542083e+03   6.2758901e-24
   3.0612513e+03   6.2902417e-24
   3.0683106e+03   6.3046277e-24
   3.0753861e+03   6.3190466e-24
   3.0824780e+03   6.3334987e-24
   3.0895862e+03   6.3479854e-24
   3.0967108e+03   6.3625052e-24
   3.1038518e+03   6.3770585e-24
   3.1110093e+03   6.3916465e-24
   3.1181833e+03   6.4062679e-24
   3.1253739e+03   6.4209230e-24
   3.1325810e+03   6.4356131e-24
   3.1398048e+03   6.4503368e-24
   3.1470452e+03   6.4650944e-24
   3.1543023e+03   6.4798872e-24
   3.1615762e+03   6.4947139e-24
   3.1688668e+03   6.5095747e-24
   3.1761742e+03   6.5244711e-24
   3.1834985e+03   6.5394015e-24
   3.1908397e+03   6.5543662e-24
   3.1981978e+03   6.5693667e-24
   3.2055728e+03   6.5844016e-24
   3.2129649e+03   6.5994710e-24
   3.2203740e+03   6.6145764e-24
   3.2278002e+03   6.6297163e-24
   3.2352436e+03   6.6448912e-24
   3.2427041e+03   6.6601022e-24
   3.2501818e+03   6.6753480e-24
   3.2576767e+03   6.6906289e-24
   3.2651889e+03   6.7059462e-24
   3.2727185e+03   6.7212986e-24
   3.2802654e+03   6.7366864e-24
   3.2878297e+03   6.7521108e-24
   3.2954115e+03   6.7675705e-24
   3.3030107e+03   6.7830658e-24
   3.3106275e+03   6.7985980e-24
   3.3182618e+03   6.8141658e-24
   3.3259138e+03   6.8297694e-24
   3.3335833e+03   6.8454101e-24
   3.3412706e+03   6.8610867e-24
   3.3489756e+03   6.8767994e-24
   3.3566984e+03   6.8925494e-24
   3.3644389e+03   6.9083356e-24
   3.3721974e+03   6.9241580e-24
   3.3799737e+03   6.9400181e-24
   3.3877679e+03   6.9559145e-24
   3.3955801e+03   6.9718475e-24
   3.4034104e+03   6.9878184e-24
   3.4112587e+03   7.0038259e-24
   3.4191251e+03   7.0198702e-24
   3.4270096e+03   7.0359527e-24
   3.4349123e+03   7.0520720e-24
   3.4428332e+03   7.0682284e-24
   3.4507724e+03   7.0844232e-24
   3.4587299e+03   7.1006551e-24
   3.4667058e+03   7.1169243e-24
   3.4747000e+03   7.1332322e-24
   3.4827127e+03   7.1495775e-24
   3.4907439e+03   7.1659603e-24
   3.4987936e+03   7.1823821e-24
   3.5068618e+03   7.1988415e-24
   3.5149487e+03   7.2153388e-24
   3.5230542e+03   7.2318753e-24
   3.5311784e+03   7.2484496e-24
   3.5393213e+03   7.2650621e-24
   3.5474830e+03   7.2817140e-24
   3.5556635e+03   7.2984040e-24
   3.5638629e+03   7.3151325e-24
   3.5720812e+03   7.3319006e-24
   3.5803184e+03   7.3487072e-24
   3.5885747e+03   7.3655524e-24
   3.5968500e+03   7.3824376e-24
   3.6051443e+03   7.3993615e-24
   3.6134578e+03   7.4163244e-24
   3.6217905e+03   7.4333274e-24
   3.6301424e+03   7.4503695e-24
   3.6385135e+03   7.4674507e-24
   3.6469039e+03   7.4845724e-24
   3.6553137e+03   7.5017334e-24
   3.6637429e+03   7.5189338e-24
   3.6721915e+03   7.5361750e-24
   3.6806596e+03   7.5534558e-24
   3.6891472e+03   7.5707762e-24
   3.6976544e+03   7.5881378e-24
   3.7061813e+03   7.6055391e-24
   3.7147277e+03   7.6229804e-24
   3.7232939e+03   7.6404631e-24
   3.7318799e+03   7.6579858e-24
   3.7404856e+03   7.6755488e-24
   3.7491112e+03   7.6931534e-24
   3.7577567e+03   7.7107984e-24
   3.7664221e+03   7.7284840e-24
   3.7751075e+03   7.7462114e-24
   3.7838129e+03   7.7639795e-24
   3.7925384e+03   7.7817885e-24
   3.8012841e+03   7.7996395e-24
   3.8100498e+03   7.8175316e-24
   3.8188359e+03   7.8354647e-24
   3.8276421e+03   7.8534403e-24
   3.8364687e+03   7.8714571e-24
   3.8453156e+03   7.8895154e-24
   3.8541829e+03   7.9076164e-24
   3.8630707e+03   7.9257588e-24
   3.8719790e+03   7.9439430e-24
   3.8809078e+03   7.9621702e-24
   3.8898572e+03   7.9804392e-24
   3.8988272e+03   7.9987502e-24
   3.9078180e+03   8.0171045e-24
   3.9168294e+03   8.0355009e-24
   3.9258617e+03   8.0539396e-24
   3.9349147e+03   8.0724219e-24
   3.9439887e+03   8.0909465e-24
   3.9530835e+03   8.1095138e-24
   3.9621994e+03   8.1281249e-24
   3.9713362e+03   8.1467787e-24
   3.9804942e+03   8.1654755e-24
   3.9896732e+03   8.1842163e-24
   3.9988734e+03   8.2030002e-24
   4.0080949e+03   8.2218273e-24
   4.0173376e+03   8.2406988e-24
   4.0266016e+03   8.2596136e-24
   4.0358870e+03   8.2785719e-24
   4.0451937e+03   8.2975749e-24
   4.0545220e+03   8.3166216e-24
   4.0638718e+03   8.3357120e-24
   4.0732431e+03   8.3548475e-24
   4.0826360e+03   8.3740269e-24
   4.0920506e+03   8.3932505e-24
   4.1014869e+03   8.4125193e-24
   4.1109450e+03   8.4318324e-24
   4.1204248e+03   8.4511899e-24
   4.1299266e+03   8.4705930e-24
   4.1394502e+03   8.4900407e-24
   4.1489958e+03   8.5095331e-24
   4.1585634e+03   8.5290714e-24
   4.1681531e+03   8.5486546e-24
   4.1777649e+03   8.5682829e-24
   4.1873988e+03   8.5879573e-24
   4.1970550e+03   8.6076770e-24
   4.2067335e+03   8.6274420e-24
   4.2164342e+03   8.6472536e-24
   4.2261574e+03   8.6671106e-24
   4.2359029e+03   8.6870133e-24
   4.2456709e+03   8.7069629e-24
   4.2554615e+03   8.7269583e-24
   4.2652746e+03   8.7469997e-24
   4.2751104e+03   8.7670882e-24
   4.2849688e+03   8.7872229e-24
   4.2948500e+03   8.8074039e-24
   4.3047539e+03   8.8276324e-24
   4.3146807e+03   8.8479074e-24
   4.3246304e+03   8.8682289e-24
   4.3346030e+03   8.8885983e-24
   4.3445987e+03   8.9090145e-24
   4.3546173e+03   8.9294776e-24
   4.3646591e+03   8.9499889e-24
   4.3747241e+03   8.9705473e-24
   4.3848122e+03   8.9911529e-24
   4.3949236e+03   9.0118071e-24
   4.4050583e+03   9.0325086e-24
   4.4152164e+03   9.0532578e-24
   4.4253980e+03   9.0740558e-24
   4.4356030e+03   9.0949015e-24
   4.4458315e+03   9.1157952e-24
   4.4560836e+03   9.1367380e-24
   4.4663594e+03   9.1577289e-24
   4.4766588e+03   9.1787680e-24
   4.4869821e+03   9.1998567e-24
   4.4973291e+03   9.2209937e-24
   4.5076999e+03   9.2421794e-24
   4.5180947e+03   9.2634149e-24
   4.5285135e+03   9.2846991e-24
   4.5389563e+03   9.3060323e-24
   4.5494231e+03   9.3274156e-24
   4.5599142e+03   9.3488481e-24
   4.5704294e+03   9.3703298e-24
   4.5809688e+03   9.3918620e-24
   4.5915325e+03   9.4134437e-24
   4.6021207e+03   9.4350749e-24
   4.6127332e+03   9.4567570e-24
   4.6233702e+03   9.4784889e-24
   4.6340317e+03   9.5002708e-24
   4.6447178e+03   9.5221038e-24
   4.6554286e+03   9.5439870e-24
   4.6661640e+03   9.5659205e-24
   4.6769242e+03   9.5879055e-24
   4.6877093e+03   9.6099411e-24
   4.6985192e+03   9.6320272e-24
   4.7093540e+03   9.6541653e-24
   4.7202138e+03   9.6763542e-24
   4.7310986e+03   9.6985941e-24
   4.7420086e+03   9.7208862e-24
   4.7529437e+03   9.7432296e-24
   4.7639040e+03   9.7656243e-24
   4.7748896e+03   9.7880715e-24
   4.7859005e+03   9.8105704e-24
   4.7969369e+03   9.8331210e-24
   4.8079986e+03   9.8557244e-24
   4.8190859e+03   9.8783799e-24
   4.8301988e+03   9.9010874e-24
   4.8413372e+03   9.9238482e-24
   4.8525014e+03   9.9466613e-24
   4.8636913e+03   9.9695268e-24
   4.8749070e+03   9.9924460e-24
   4.8861486e+03   1.0015418e-23
   4.8974161e+03   1.0038442e-23
   4.9087096e+03   1.0061521e-23
   4.9200291e+03   1.0084653e-23
   4.9313747e+03   1.0107838e-23
   4.9427465e+03   1.0131077e-23
   4.9541445e+03   1.0154370e-23
   4.9655688e+03   1.0177716e-23
   4.9770194e+03   1.0201117e-23
   4.9884965e+03   1.0224571e-23
   5.0000000e+03   1.0248080e-23
